2936
 4776  4786 16816 16815
   24 16816  4786    24
16816 16815  4776  4786
   26  4777 16817 16818
 4777  4776 16815 16817
16817 16818    26  4777
16815 16817  4777  4776
 4786    24    24 16816
   46  4824 16822 16820
 4824    47    47 16822
 4823    46 16820 16819
   52  4823 16819 16821
16820 16819  4823    46
16819 16821    52  4823
   47 16822  4824    47
16822 16820    46  4824
   64  5162 16940 16928
   74  5187 16948 16944
 4854  4860  4860 16823
16823    77 16825  4854
 4860 16823  4854  4860
16825  4854 16823    77
 4889 16846  4891  4889
16846  5247 16848  4891
   95 16848  5247 16971
16848  4891 16846  5247
  124  4978 16880 16881
16880 16881   124  4978
 4979 16880  4978 16884
16884    26 16818  4979
 4978 16884  4979 16880
16818  4979 16884    26
  167  5068 16896 16897
 5068    52 16821 16896
16821 16896  5068    52
16896 16897   167  5068
  173   167 16897 16902
16897 16902   173   167
 5108   198 16929 17148
  198  5139 16927 16929
 5139    64 16928 16927
16928 16927  5139    64
16927 16929   198  5139
 5178  5555 16933 16932
 5162  5168  5168 16940
16940 16928    64  5162
 5168 16940  5162  5168
16932  5182 16943  5178
16943  5178 16932  5182
16944  5183 16945    74
 5183 16943  5182 16945
 5182 16945  5183 16943
16948 16944    74  5187
 5187 16949  5190 16948
 5190 16948  5187 16949
 5206  5190 16949  5206
16949  5206  5206  5190
  229  5213 16958 16959
 5213 16825    77 16958
   77 16958  5213 16825
16958 16959   229  5213
16971  5268 16983    95
 5247 16971    95 16848
 5269   254 16985 16984
 5268  5269 16984 16983
16985 16984  5269   254
16984 16983  5268  5269
  260 16985   254 17233
17064   124 16881   284
  333   173 16902 17099
16902 17099   333   173
  360  5108 17148 17149
16929 17148  5108   198
 5556 17166  5553 17167
  403  5612 17194 17195
 5612   229 16959 17194
16959 17194  5612   229
17194 17195   403  5612
  404  5942 17457 17459
 5942   403 17195 17457
  415   413 17474 17477
  422   415 17477 17482
  254 17233   260 16985
  437  5680  5680 17256
  439   260 17233 17245
17233 17245   439   260
 5680 17256   437  5680
  447   439 17245 17523
25673   279 17280 17279
  279  5704 17284 17280
 5704   452   452 17284
17284 17280   279  5704
  452 17284  5704   452
  456 17064   284 17289
  284 17289   456 17064
  460  6030 17560   460
  488  6096 17604 17605
 6096   481 17597 17604
 6125   488 17605 17625
  498  6125 17625   498
  499  6131 17634   499
 5846   512 17382 17381
17382 17381  5846   512
 5849  5846 17381 17383
17381 17383  5849  5846
17383 17385  6158  5849
  519   360 17149 17406
17149 17406   519   360
  531  6174 17696 17697
 6174   522 17686 17696
  539   531 17697   539
  549   548 17434 17439
  548  5553 17166 17434
17166 17434   548  5553
17434 17439   549   548
17457 17459   404  5942
17487   422 17482   586
  587 17487   586 17777
 6001   437 17256 17518
17256 17518  6001   437
17518 17519   598  6001
17519   599 17813   598
  601   447 17523 17524
17245 17523   447   439
17523 17524   601   447
  605   450 17282 17540
  608   609 17546 17545
17546 17545   608   609
17289   608 17545   456
17560   460   460  6030
 6031 17560  6030 17562
 6405  6031 17562 17563
  463  6040 17567   463
 6410 17567  6040 17568
 6040 17568  6410 17567
17567   463   463  6040
  481  6079 17595 17597
 6079   632 17596 17595
17596 17595  6079   632
17595 17597   481  6079
17597 17604  6096   481
17604 17605   488  6096
17605 17625  6125   488
 6133 17634  6131 17635
  505  6151 17658   505
 6151   664 17660 17658
17658   505   505  6151
17660 17658  6151   664
  670 17382   512 17669
  512 17669   670 17382
 6161  6158 17385  6161
17678   674 17682   518
17406 17678   518   519
17682   518 17678   674
  676   668 18037 17685
 6168   676 17685 17684
  522  6168 17684 17686
17685 17684  6168   676
17684 17686   522  6168
17669   678 18046   670
17686 17696  6174   522
17696 17697   531  6174
17697   539   539   531
  694   549 17439 17723
17439 17723   694   549
  586 17777   587 17487
 6312   743 17788 17787
17787   587 17777  6312
17788 17787  6312   743
17813   598 17519   599
 6338   601 17524 17817
  759  6338 17817 17818
17524 17817  6338   601
  753  6990 18413 18409
 6993   762 18419 18421
  599 17836   757 17813
  765   605 17540 17840
 6372   772 17855 17854
17854 17546   609  6372
17855 17854  6372   772
  775  6375 17856 17858
 6375   776 17857 17856
17857 17856  6375   776
17856 17858   775  6375
17858  6404 17881   775
17881   775 17858  6404
 7102 17888   789 18532
17896  6410 17568  6438
  632  6437 17912 17596
 6437   790 17913 17912
17913 17912  6437   790
17912 17596   632  6437
 6440 17896  6438 17916
 6438 17916  6440 17896
 7147   801 18599 18598
 6459   642 17949 17947
17949 17947  6459   642
  804  7155 18621 18622
 6471 17949   642 17960
  807  6471 17960 17961
  642 17960  6471 17949
17960 17961   807  6471
  808  6472 17962 17963
 6472   807 17961 17962
17962 17963   808  6472
17961 17962  6472   807
  812  7172 18650 18651
 7172   813 18648 18650
 7174   804 18622 18654
17976  7180 18662   814
 6495 17976   814 17982
17639  6495 17982  6493
17982  6493 17639  6495
  817  6499 17986 17987
 6499   656 17642 17986
17642 17986  6499   656
17986 17987   817  6499
 6512   808 17963 17996
17963 17996  6512   808
17996   821   821  6512
 6527   817 17987 18001
  825  6527 18001 18002
17987 18001  6527   817
  829  6543 18007 18009
 7248 18007  6543 18008
 6543 18008  7248 18007
18007 18009   829  6543
 6547   832 18723 18018
18018 17660   664  6547
 7272   838 18748 18757
 7277   839 18753 18761
  674   829 18009 17682
18009 17682   674   829
18039 18037   668   835
18037 17685   676   668
  678  6570 18047 18046
 6570   848 18048 18047
18046   670 17669   678
18048 18047  6570   848
18047 18046   678  6570
 6620   860 18071 18070
  861  6620 18070 18072
  860   694 17723 18071
18071 18070  6620   860
18070 18072   861  6620
17723 18071   860   694
 6791 18215  6792 18217
18217 18214  6828  6791
 7715 18219   938 19034
18218 18213   937  6790
  941  6794 18228 18227
18229 18228  6794   942
18228 18227   941  6794
 6830   937 18213 18251
  960  6830 18251 18253
 6829  6828 18214 18250
18214 18250  6829  6828
18250  6875 18252  6829
18213 18251  6830   937
18251 18253   960  6830
18252  6829 18250  6875
18227  6835 18258   941
 6835   963 18259 18258
18259 18258  6835   963
18258   941 18227  6835
  743  6889 18308 17788
 6889   964 18309 18308
 6877   960 18253 18290
  976  6877 18290 18291
  977 18289  6880 18294
18289 18252  6875  6880
18253 18290  6877   960
18290 18291   976  6877
 6880 18294   977 18289
 6885 18259   963 18305
  979  6885 18305 18302
  963 18305  6885 18259
18305 18302   979  6885
18309 18308  6889   964
 6919   976 18291 18344
  990  6919 18344 18345
 6922   977 18294 18347
  991  6922 18347 18348
18291 18344  6919   976
18344 18345   990  6919
18294 18347  6922   977
18347 18348   991  6922
  993 18350  6929 18358
18350  6923 18349  6929
 6930   994 18359 18356
 6929 18358   993 18350
18359 18356  6930   994
  994  6986 18408 18411
 6986   753 18409 18408
  998   757 17836 18435
18378 18379  6943   998
 1008  6976 18402 18403
 6976   990 18345 18402
 6979   991 18348 18404
 1009  6979 18404 18405
18345 18402  6976   990
18402 18403  1008  6976
18348 18404  6979   991
 6985   993 18358 18406
 1011  6985 18406 18407
 6987 18359 18411 18410
 1012  6987 18410 18412
18358 18406  6985   993
18406 18407  1011  6985
18409 18408  6986   753
18408 18411   994  6986
18411 18410  6987 18359
18410 18412  1012  6987
18412  6991 18416 18418
18413 18409   753  6990
 6990 18415  6994 18413
 6994 18413  6990 18415
18417 18416  6991  1013
18416 18418 18412  6991
 1013  7835 19120 19121
 7835  1016 19123 19120
18419 18421  6993   762
18415  6993 18421  6994
18421  6994 18415  6993
 6997 18419   762 18425
 7838  6997 18425 18424
  762 18425  6997 18419
18425 18424  7838  6997
 1020   765 17840 18437
 7015   759 17818 18441
17818 18441  7015   759
 7018  7015 18441 18443
18441 18443  7018  7015
 1027  7068 18478 18480
18443 18444  7068  7018
18444  1026 18479 18478
 7068  7018 18443 18444
 7074  1028 18484 18483
 1026  7074 18483 18479
 7078  1029 18490 18489
 7082  1030  1030 18499
 1029  7082 18499 18490
18403  7044 18458  1008
 7044  1035 18460 18458
18458  1008 18403  7044
18460 18458  7044  1035
  772  7048 18464 17855
 7048  1009 18405 18464
18464 17855   772  7048
  776  7056 18470 17857
 7056  1011 18407 18470
18407 18470  7056  1011
18470 17857   776  7056
 7059  1012 18418 18471
18418 18471  7059  1012
 7061  7059 18471 18473
18471 18473  7061  7059
 7098  7061 18473 18475
18473 18475  7098  7061
18479 18478 18444  1026
18478 18480  1027  7068
18480  7875 19161  1027
18483 18479  1026  7074
18489 18484  1028  7078
 7894 18524  7099 18525
18475  7894 18525  7098
18525  7098 18475  7894
 7897 18528  1044 19184
 7916  1051 18590 19207
 7139  1050 18583 18589
 7918  1045 19185 19208
18586   799 17948  7137
 7144  1052 18596 18595
18596 18595  7144  1052
 7156  7144 18595 18597
18595 18597  7156  7144
18598   797 17935  7147
18599 18598  7147   801
 7158 18599   801 18626
18621 18622   804  7155
18650 18651   812  7172
18622 18654  7174   804
18654 18648   813  7174
18662   814 17976  7180
 7182 18662  7180 18661
18665  7182 18661  7965
18661  7965 18665  7182
18688 18689  7252  7206
 7252  7206 18688 18689
 7208 18688  7206 18690
18690   812 18651  7208
18651  7208 18690   812
 1090  7218 18700 18701
 7218   825 18002 18700
18700 18701  1090  7218
18701  7285  7285 18773
18008  7249 18720  7248
18720  7248 18008  7249
 7253 18720  7249 18721
 7249 18721  7253 18720
18721  7252 18689  7253
18689  7253 18721  7252
 7255 18723   832 18727
18727 18728  1084  7255
  832 18727  7255 18723
  835  1108 18746 18039
18746 18039   835  1108
  836  1110 18751 18747
18747 18748   838   836
18751 18747   836  1110
18748 18757  7272   838
18757 18753   839  7272
 7281  7277 18761 18763
18761 18763  7281  7277
18766  1090 18773  7279
18767 18766  7279  7280
18763 18767  7280  7281
 7280  7281 18763 18767
 1128  8043 19361 19362
 8043  1109 19342 19361
 1129  8045 19371 19366
 8045  1128 19362 19373
  848  7336 18817 18048
 7336  1130 18818 18817
18818 18817  7336  1130
18817 18048   848  7336
18072  7430 18902   861
 7430 18900  1145 18902
18902   861 18072  7430
19034 19036   940  7715
 7719  1275 19042 19040
19040 18223 19036  7719
19042 19040  7719  1275
19043 18229   942  7722
 7784  1288 19064 19069
19069 18309   964  7784
 7786  1295 19077 19076
19077 19076  7786  1295
19076 19064  1288  7786
 1303  7819 19101 19103
 7819 19077  1295 19101
19098  8382 19545  1302
19101 19103  1303  7819
 7834 18417 19121 19119
 1310  7834 19119 19122
19120 19121  1013  7835
19121 19119  7834 18417
19119 19122  1310  7834
 7836 19125  1018 19128
 1312  7836 19128 19131
19125  7838 18424  1018
 1314 18378 18435 19134
19134  1020 18437 19137
 7857  1310 19122 19146
 1323  7857 19146  1323
19122 19146  7857  1310
 7859 19123  1016 19150
 1016 19150  7859 19123
19150 19151  1324  7859
19161  1027 18480  7875
 7875 19162  7905 19161
 7905 19161  7875 19162
 7893 18460  1035 19178
 7915  7893 19178 19177
 1035 19178  7893 18460
19178 19177  7915  7893
 7906  7902 19191 19195
19195  7905 19162  7906
19162  7906 19195  7905
19177  7916 19207  7915
18590 19207  7916  1051
19207  7915 19177  7916
19185 19208  7918  1045
19208 19210  7919  7918
19213  1339 19227 18596
19227 18596 19213  1339
 1344  7942 19254 19256
 7942  1059 18629 19254
19251 19252  7959  8473
 8477  1348 19641 19640
19274 19275  7986  7956
 7958 19274  7956 19277
 1354  7958 19280 19281
19280 19281  1354  7958
19252 19280 19277  7959
 7965 19291  8002 18665
 7983  1084 18728 19303
18728 19303  7983  1084
 7987  7983 19303 19305
19303 19305  7987  7983
19305  7986 19275 19306
19275 19306 19305  7986
 8509  8024 19310 19309
19310 19309  8509  8024
 8519 19320 19663 19321
19319  1355 19312  7997
19321 19287  7998  8519
 7998  8519 19321 19287
19291 19312  1355  8002
 8026 19310  8024 19332
19332  1373 19333  8026
 8024 19332  8026 19310
19333  8026 19332  1373
19340 18746  1108  1374
19341 19342  1109 19340
19347 18751  1110  1376
 8042  1375 19676 19360
19361 19362  1128  8043
19360 19363  8047  8042
19366  8074 19400  1129
 8074  1384 19396 19400
19367 19368  8048  8044
19371 19366  1129  8045
19362 19373  8045  1128
19373 19367  8044 19371
19375 19376  1385  8046
19363 19375  8046  8047
19377  8052  8052  8049
 8052  8049 19377  8052
 8538  1385 19376 19690
 8053  1387 19385 19384
19385 19384  8053  1387
19384 18818  1130  8053
19400  1129 19366  8074
 1384  8076 19404 19396
 8076  1395 19405 19404
19405 19404  8076  1395
19404 19396  1384  8076
 8100  1145 18900 19416
19416 19405  1395  8100
 1486  1488 19508 19509
 1275  1486 19509 19042
19508 19509  1486  1488
19509 19042  1275  1486
 1276  8326 19510 19044
 8326  1499 19511 19510
19546 19545  8382  8387
 8388  1527 19551 19550
 8387 19549 19550 19546
19549  1303 19103  8388
19551 19550  8388  1527
19550 19546  8387 19549
 1528 19553  1305 19566
 1534  1312 19131 19563
 1305 19566  1528 19553
19569  1314 19137  1537
 8406  1324 19151 19585
19583 19584  8427  8406
 1544 19583 19585 19586
 8427  8406 19583 19584
19151 19585  8406  1324
19585 19586  1544 19583
19587 19158  8415  1328
 1552  8428 19599 19600
 8428  8427 19584 19599
19599 19600  1552  8428
19584 19599  8428  8427
 1554  8434 19601 19602
 8434 19587 19196 19601
19601 19602  1554  8434
19196 19601  8434 19587
19602  8856 19924  1554
 8856  1561 19925 19924
 8457 19227  1339 19620
 8474  8457 19625 19623
19625 19623  8474  8457
 1561  8876 19931 19925
 8876  1568 19932 19931
 8475 19251  8473 19633
 8893  1567 19930 19936
19640  1344 19256  8477
19641 19640  8477  1348
 1574  8497 19653 19652
19645 19641  1348 19653
 8897 19645  8497 19644
19281  8507 19660  1354
19652  8924 19963  1574
 8924  1583 19959 19963
 1348 19653 19645 19641
19653 19652  1574  8497
19660  1354 19281  8507
 8507 19662  8508 19660
 8508 19660  8507 19662
19309  8508 19662  8509
19662  8509 19309  8508
 8514 19663  1366 19664
 1584  8514 19664 19665
19664 19665  1584  8514
19663 19321  8519 19320
 1373 19341  1374 19333
19675 19676  1375  1597
19679 19347  1376  1377
 1606  8953 20006 20007
 8953  1598 19994 20006
 8954  1606 20007 20011
19690 19385  1387  8538
19376 19690  8538  1385
 9170 19508  1488 19807
 1488 19807  9170 19508
 1499  1710 19811 19511
 1737  1534 19563 19867
19563 19867  1737  1534
19566 19871  1739  1528
19871 16491 25458  1739
19586  8832 19906  1544
 8832  1746 19907 19906
 1748  1749 20237 20236
 1755  1552 19600 19908
19907 19906  8832  1746
19906  1544 19586  8832
19600 19908  1755  1552
19924  1554 19602  8856
19925 19924  8856  1561
 1757  9344 20263 20256
 9344  1765 20264 20263
 8872 19930  1567 19622
19931 19925  1561  8876
19932 19931  8876  1568
 1765  9365 20279 20264
 9365  1773 20281 20279
19930 19936  8893  1567
19936  8895 19940  8893
 8895 19942  8914 19940
19644 19932  1568  8897
 9388  1780 20294 20293
 1786  8913 20301 20302
19942 19957  8913  8914
 8913  8914 19942 19957
 1787  8919 20304 20305
 8919  1786 20302 20304
 8922 19959  1583 19961
 1789  8922 19961 19962
 8937  1584 19665 19976
 1583 19961  8922 19959
19961 19962  1789  8922
19962  8937 19976 19975
19959 19963  8924  1583
19963  1574 19652  8924
 1780  1788 20310 20294
 1795  1794 19974 19973
 1794  1787 20305 19974
19974 19973  1795  1794
19975  1798 20324  1789
19665 19976  8937  1584
19976 19975 19962  8937
 1596  1795 19973 19989
 1804  1796 20323 20336
20006 20007  1606  8953
 8959  8954 20011 20010
20007 20011  8954  1606
20011 20010  8959  8954
 8958 20012  8963 20013
 8961 20018  8964 20019
 8965 19997  1600 20025
 1898  9169 20168 20169
 9169  9170 19807 20168
20168 20169  1898  9169
19807 20168  9169  9170
 1710  1912 20185 19811
20185 19811  1710  1912
19867  1946 20234  1737
 1951  1952 20545 20253
20234  1737 19867  1946
 1953 20223  1741 20238
20253 19907  1746  1951
 1749 20255  1961 20237
20255  1757 20256  1961
20256  1961 20255  1757
20263 20256  1757  9344
20264 20263  9344  1765
 1962  9904 20565 20561
20279 20264  1765  9365
20281 20279  9365  1773
 1969  9926 20577 20566
 9926  1976 20580 20577
20293 20281  1773  9388
20294 20293  9388  1780
 9951  1982 20594 20593
20300 20301 19957  1987
20301 20302  1786  8913
19957  1987 20300 20301
20302 20304  8919  1786
 1995  1988 20614 20322
20322 20323  1796  1995
 1998 20324  1798 20326
20324  1789 19975  1798
20323 20336  1804  1796
20326  2006 20627  1998
 2113  9732 20471 20473
 9732  1898 20169 20471
20471 20473  2113  9732
 9735 20475  2112 20478
 2114  9735 20478 20480
20478 20480  2114  9735
 1912  9773 20501 20185
 9773  2112 20475 20501
20475 20501  9773  2112
 1946  2155 20548 20234
20548 20234  1946  2155
20550  1953 20238  1954
20254 20553 10400  1960
 2173 20550  1954 20560
20560  1962 20561  2173
20561  2173 20560  1962
20565 20561  1962  9904
20577 20566  1969  9926
20593 20580  1976  9951
20594 20593  9951  1982
 1987  2203 20601 20300
20601 20300  1987  2203
 2203 20602  1988 20601
20602  2211 20613 20614
20613 20614 20602  2211
20614 20322  1995  1988
 2218  2217 20623 20622
10014 20623 20624 20625
20623 20622  2218  2217
20624 20625 10014 20623
20622 10013 20635  2218
10013  2226 20634 20635
20625 20632 10511 10014
10511 10014 20625 20632
20634 20635 10013  2226
10515  2227 20952 20961
 2229 10518 20969 20648
10518  2228 20962 20969
20648 20646  2016  2229
20646 20627  2006  2016
 2304  2305 21090 21091
10687  2304 21091 21098
 2315  2318 20744 20743
 2319  2316 21134 21139
 2318 20722  2305 20723
20722  2319 21139 21090
 2327  2315 20743 20746
 2329 20744 20723 20747
20743 20746  2327  2315
20473 10286 20768  2113
10286  2327 20746 20768
20746 20768 10286  2327
20768  2113 20473 10286
10291  2329 20747 20772
20747 20772 10291  2329
20772  2114 20480 10291
 2155  2371 20861 20548
 2379  2163 20549 20862
20861 20548  2155  2371
20549 20862  2379  2163
20871 20870 10399  2387
20553 10399 20870 10400
20870 10400 20553 10399
 2212 20624  2217 20621
 2431  2438 21347 21338
10514 10511 20632 20950
20632 20950 10514 10511
20951 20952  2227 10512
10513 20953 10517 20954
20961 20962  2228 10515
10516 20963 10520 20964
20952 20961 10515  2227
20969 20648  2229 10518
20962 20969 10518  2228
20963 20970 11020 10520
11020 10520 20963 20970
10690 10687 21098 21100
 2533 21134  2316 21135
21139 21090 20722  2319
21149 10710 21147 10711
21154 21149 10711 10713
21173  2549 21168 10734
11312 21187 10752 21188
21187  2558 25476 10752
 2371  2602 21260 20861
 2618  2379 20862 21262
21260 20861  2371  2602
 2387  2630 21288 20871
21288 20871  2387  2630
 2438 21348  2687 21347
11019 11020 20970 21366
20970 21366 11019 11020
21366  2687 21348 11019
 2787  2785 21476 21475
21476 21475  2787  2785
21475  2796 21848  2787
21480 21476  2785 11260
21135 21480 11260  2533
11873 11326 21530 21902
 2828  2829 21937 21939
21568 21260  2602  2603
 2603  2828 21570 21568
21570 21568  2603  2828
 2857  2618 21262 21607
11466 21288  2630 21653
 2630 21653 11466 21288
11481 11466 21653 21654
21653 21654 11481 11466
21660  2881 22045 11986
11467 21660 11986 21658
21662 11481 21654  2880
11998  2887 22056 22055
11650 11642 21758 21757
21757  2955 21761 11650
21758 21757 11650 11642
12122 21758 11642 12122
11642 12122 12122 21758
21761 11650 21757  2955
12129 21761  2955 22171
 2971 12147 22181 22176
12147  2964 22172 22181
21848  2787 21475  2796
 3030 21848 21866 21864
21865 21866  2796 11285
21866 21864  3030 21848
21867 21865 11285  2803
 3041 21867  2803 21885
 2803 21885  3041 21867
 2829 11901 21942 21937
11901  3059 21943 21942
21942 21937  2829 11901
21964 21570 21939 11924
11924 21965 12373 21964
12373 21964 11924 21965
21607  3068  3068  2857
 3068  2857 21607  3068
 3084  2860 22014 22013
11969 22018 11968 22021
22027 11969 22029 11970
22029 11970 22027 11969
22026 22048 27081 11985
22045 11986 21660  2881
22048 22049 12440 27081
22049  3102 22430 12440
22052 21662  2880 11995
22055 22045  2881 11998
22056 22055 11998  2887
12454  3106 22449 22446
22065 22056  2887 12011
22070 22065 12011 12012
22072  3110 22463 22462
12012 22072 12469 22070
12529 22135 12067 22136
22138 22139  3144 12068
22135 22138 12068 12067
12563  3151 22547 22549
12566  3152 22555 22554
 2955 22171 12129 21761
22171 22172  2964 12129
22176 12144 22178  2971
12144  3173 22179 22178
22179 22178 12144  3173
22178  2971 22176 12144
22172 22181 12147  2964
22181 22176  2971 12147
 3226 12263 27180 22277
 3230  3030 21864 22285
27218 22280 27210 22276
21864 22285  3230  3030
22304  3041 21885  3042
22315 22304  3042 12304
22316 22315 12304  3048
22321 22316  3048 12310
22322 22321 12310  3050
 3050 12317 22325 22322
12317  3255 22326 22325
22326 22325 12317  3255
22325 22322  3050 12317
12368 12334 22334 22333
 3262 22334 12334 22335
22334 22333 12368 12334
12334 22335  3262 22334
 3059 12342 22341 21943
22341 21943  3059 12342
12857 22341 12342 22343
12374 12368 22333 22361
22333 22361 12374 12368
22361 12373 21965 12374
21965 12374 22361 12373
12385 12899 22369 22368
22368  3074 22389 12385
22369 22368 12385 12899
22388 22389  3074  3084
 3286 22388 22013 22411
22414 22027 11970  3298
22430 12440 22049  3102
12453 22430 22447 22445
22437 22053  3101 12451
22446 22447  3102 12454
22449 22446 12454  3106
 3317 13024 22942 22943
22458 22459 27276 12469
12471 22460 12468 22464
22463 22462 22072  3110
22464 22458 22462 12471
 3329 22479  3117 22481
13049  3328 22968 22975
13097  3338 23017 23013
12523  3348 22520 22519
22517 12523 22521  3347
22519 12528 22522 22521
22520 22519 12523  3348
22521  3347 22517 12523
22522 22521 22519 12528
22525 22526  3141 12527
12528 22525 12527 22522
12567 12529 22136 22527
22139 22529 12535  3144
22529 22530  3339 12535
22537 22536 12552  3358
22536 22520  3348 12552
22526 22538 12554  3141
22538 22539  3149 12554
13130 22537  3358 23051
22540 22541  3150 12557
22539 22540 12557  3149
22546 22547  3151 12560
22541 22546 12560  3150
22549 22550  3152 12563
22547 22549 12563  3151
12568 22555 22550 22558
22555 22554 12566  3152
22554 12567 22527 12566
12571 12568 22558 22557
22550 22558 12568 22555
22558 22557 12571 12568
22557 22562 13148 12571
13148 12571 22557 22562
22581 22582 13201 12622
12621  3382 22590 22589
22590 22589 12621  3382
22589 22581 12622 12621
 3389  3390 22605 23137
 3173 22604  3180 22179
22604 22605  3390  3180
12766  3226 22277 22704
22285 22689  3420  3230
 3420  3230 22285 22689
 3437 12753 22690 22691
12753  3420 22689 22690
22689 22690 12753  3420
22690 22691  3437 12753
13361 22701 12767 22703
22703  3442 23210 13361
12767 22703 13361 22701
22704 12767 22701 12766
22701 12766 22704 12767
 3462  3460 22765 22764
12841 22326  3255 22772
 3468 12849 22782 22783
22765 22764  3462  3460
22772 22765  3460 12841
12845  3262 22780 22779
22780 22779 12845  3262
12851 12845 22779 12851
12849 12850 22784 22782
22782 22783  3468 12849
22784 22782 12849 12850
12852 22784 12850 22786
22786 22780 22335 12852
12850 22786 12852 22784
22335 12852 22786 22780
22343 12861 22792 12857
22792 12857 22343 12861
12862  3485 22796 22795
12861 12862 22795 22792
22796 22795 12862  3485
22795 22792 12861 12862
12864 13616 22800 12864
22820 12896 22818 12898
22824 22820 12898 12900
12898 12900 22824 22820
12900 22369 12899 22824
12899 22824 12900 22369
16421  3286 22411 22843
12999 22898 13742 22899
13742 22899 12999 22898
 3523 22907 12988 22878
22911 22912 13027 12994
22899 22923 13001 12999
13001 12999 22899 22923
22926 13001 22923 13034
22923 13034 22926 13001
13020 22938 22905 13020
22938 22937 13021  3540
22937 22939  3311 13021
22939 22942 13024  3311
22942 22943  3317 13024
13849 13033 22954 22953
 3563 22967  3562 22993
13051  3565 22969 22970
 3565 22968  3328 22972
22969 22970 13051  3565
22973 22974  3553 13050
22968 22975 13049  3328
13050 13049 22975 22973
22975 22973 13050 13049
13899 22976  3564 23700
22993 22992  3338  3563
22972 22996 22530 22997
22996  3329 22481  3339
22530 22997 22972 22996
22992 13096 23014 23017
13096  3581 23015 23014
23015 23014 13096  3581
13100 23015  3581 23024
13122 23025 13123 13122
23053 13130 23051 13133
23051 13133 23053 13130
13132 23054 13136 23056
13135 23062 13139 23063
23072 23073  3598 13138
13974 23075  3597 23771
13167 13140 23077 13167
13140  3599 23079 23078
23073 23077 23078  3598
23077 13167 13167 13140
23079 23078 13140  3599
23078  3598 23073 23077
13169 23079  3599 23097
22562  3351  3351 13148
 3603 13172 23099 23100
13172  3602 23098 23099
 3608 13998 23802 23798
23097 23098  3602 13169
 3599 23097 13169 23079
23099 23100  3603 13172
23098 23099 13172  3602
13202 23110 23138 23111
23111 13201 22582 13202
22605 23137  3389  3390
 3666 13380 23234 23232
13380  3437 22691 23234
13426 23210  3442 23302
23234 23232  3666 13380
 3687 13385 23239 23240
13385  3666 23232 23239
23239 23240  3687 13385
16420 13428 23300 23307
13427 23300 13428 23299
23302 13427 23299 13426
23299 13426 23302 13427
23307 23308  3694 16420
 3702 13453 23324 23325
13453  3687 23240 23324
23324 23325  3702 13453
23240 23324 13453  3687
13466  3706 23350 23349
23350 23349 13466  3706
23349  3694 23308 13466
23368 23367 13491  3714
23367  3702 23325 13491
13502  3718 23378 23377
 3706 13502 23377 23350
23378 23377 13502  3718
23377 23350  3706 13502
13544  3734 23402 23401
 3718 13544 23401 23378
23402 23401 13544  3734
23401 23378  3718 13544
 3744  3462 22764 23448
 3748 13603 23457 23458
13603  3468 22783 23457
13590 23441 13588 23443
23443 23402  3734 13590
13588 23443 13590 23441
13623 13588 23441 23444
23448  3755 24102 24111
22783 23457 13603  3468
23457 23458  3748 13603
13618 22796 23472 23474
 3762 13618 23474 23475
23474 23475  3762 13618
14438 13623 23444 23490
23490  3764 23498 14438
23444 23490 14438 13623
 3756 14443 24149 24108
14443  3768 24150 24149
 3764 13641 23497 23498
13641  3496 23499 23497
23499 23497 13641  3496
14456  3773 24157 24158
13660 23499  3496 25377
 3775 14485 24177 24163
14485  3786 23541 24177
13721 23557 13780 23559
23559 23528  3782 13721
13780 23559 13721 23557
 3801 13728 23561 23562
13728  3525 22880 23561
 3528 13741 23573 22890
13741  3806 23575 23573
23575 23573 13741  3806
13743  3807 23577 23576
22898 13743 23576 13742
23577 23576 13743  3807
23576 13742 22898 13743
13784 13780 23557 23602
23602  3821 23605 23603
23557 23602 13784 13780
23603 23604 13834 13784
23605 23603 23602  3821
13834 13784 23603 23604
13862  3824 23673 13862
 3834 13829 23638 23639
13829 23605  3821 23638
23638 23639  3834 13829
 3821 23638 13829 23605
13835 13834 23604 23644
23604 23644 13835 13834
 3836 14535 23646 24214
14535 13835 23644 23646
 3837 14543 24217 24219
14543  3836 24214 24217
13851 13848 23653 23652
23657 23653 13848 13900
23667 23668  3842 13850
23652 23667 23663 13851
 3824 13859 23671 23673
13859  3843 23672 23671
23672 23671 13859  3843
23671 23673  3824 13859
13901  3856 23696 23697
23696 23697 13901  3856
 3856 22969 22997 23696
 3564 23700 13899 22976
13900 13899 23700 23657
23700 23657 13900 13899
14575 23701  3855 24259
23720 23719  3573  3854
 3867 13943 23738 23739
13943  3573 23719 23738
23738 23739  3867 13943
23719 23738 13943  3573
14625 23755 13997 23757
23757  3867 23739 14625
 3597 23771 13974 23075
23772 13974 23771 13975
13986  3603 23788 23787
14642 13986 23787 23786
23788 23787 13986  3603
23787 23786 14642 13986
23799 13995 23800  3886
13995 13996 23801 23800
23800  3886 23799 13995
23801 23800 13995 13996
23802 23798  3608 13998
23755 23801 13996 23803
13998 13997 23803 23802
23803 23802 13998 13997
14003  3891 23810 23809
23810 23809 14003  3891
23809  3608 23798 14003
 3895 14017 23817 23818
14017 23788 23100 23817
23817 23818  3895 14017
23100 23817 14017 23788
23818 14022 23819 23820
14022  3896 23821 23819
23819 23820 23818 14022
23821 23819 14022  3896
14037 14035 14035 23831
14035 23831 14037 14035
23835 14037 23831  3906
 3886 14040 23837 23838
14040 23835  3906 23837
23837 23838  3886 14040
23838 14042 23842 23799
 3906 23837 14040 23835
14042 23841 14080 23842
23842 23799 23838 14042
14080 23842 14042 23841
 3914 14055 23850  3914
14055 23821  3896 23850
23850  3914  3914 14055
 3896 23850 14055 23821
14082 14080 23841 23864
14116 14082 23864 23867
23864 23867 14116 14082
14118 14116 23867 23898
14152 14118 23898 23901
23898 23901 14152 14118
23901 23929  3936 14152
 3949 14163 23941 23937
14163  3624 23114 23941
23929 14159 23936  3936
14159  3949 23937 23936
23937 23936 14159  3949
23936  3936 23929 14159
23941 23937  3949 14163
14344  3998 24068 24067
24067 23387  3729 14344
 4010  4011 24079 24078
24079 24078  4010  4011
24078  3744 24111  4010
14379  4013 24084 24085
 4015 24084  4013 24486
 4001 14391 24092 24093
14391  3748 23458 24095
14854 24092 24095 24094
24092 24093  4001 14391
23458 24095 14391  3748
24095 24094 14854 24092
14413 24104  3755 24106
24104 24103  4012 24102
24106  3756 24108 14413
24103 14868 24495  4012
14868  4024 24496 24495
24102 24111 23448  3755
24111  4010 24078  3744
14434  3762 23475 24135
 4030 14434 24135 24136
24135 24136  4030 14434
24149 24108  3756 14443
24150 24149 14443  3768
 4024 14900 24518 24496
14900  4034 24519 24518
14472 24157  3773 24164
24157 24158 14456  3773
24158 24150  3768 14456
 4036 14465 24161 24162
14465  3775 24163 24161
24161 24162  4036 14465
24163 24161 14465  3775
14479 14472 24164 24167
24167  3781 23527 14479
24164 24167 14479 14472
 4046 14474 24172 24173
14474  4047 24171 24172
24172 24173  4046 14474
24171 24172 14474  4047
23541 24177 14485  3786
24177 24163  3775 14485
24182  4058 24183  4055
24183  4055 24182  4058
14502  3801 23562 24190
 4047 14502 24190 24171
23562 24190 14502  3801
24190 24171  4047 14502
14526 23575  3806 24210
 4063 14526 24210 24207
 4055 14528 24211 24182
14528 23577  3807 24211
24210 24207  4063 14526
 3806 24210 14526 23575
 3807 24211 14528 23577
24211 24182  4055 14528
23646 24214  3836 14535
24217 24219  3837 14543
14545  3837 24219 24223
24219 24223 14545  3837
24223 24225 14948 24224
24233 24230 14549 14550
14555 14552 24236 24235
24235  4070 24240 14555
24236 24235 14555 14552
24237 24236 14552 14576
14552 14576 24237 24236
24240 14555 24235  4070
14557 23672  3843 24241
14558 14557 24241 24244
24244  3842 23668 14558
24241 24244 14558 14557
23639 14571 24252  3834
14571  4078 24253 24252
24252  3834 23639 14571
24253 24252 14571  4078
 4080 24233 14550 24254
14550 24254  4080 24233
 3854  4080 24257 23720
24257 23720  3854  4080
 4081 24257 24254 24596
 3855 24259 14575 23701
14576 14575 24259 24237
24259 24237 14576 14575
14643 24291 14993 24293
23739 14625 23757  3867
14637 14634 23775 24323
23775 24323 14637 14634
24323 14639 24329 14637
24329 14637 24323 14639
15017 24329 14639 24330
23786 14641 24337 14642
24337 14642 23786 14641
 3891 14664 24351 24352
14664  4119 24353 24351
24351 24352  3891 14664
24352 14666 24354 23810
14666  4120 24355 24354
24353 24351 14664  4119
24354 23810 24352 14666
24355 24354 14666  4120
15035 24355  4120 24672
23820 14680 24366  3895
24366  3895 23820 14680
15040 24366 14680 24368
 4132 14706 24381 24382
14706 24353  4119 24381
 4119 24381 14706 24353
24381 24382  4132 14706
 4170 14835 24477 24478
14835  4001 24093 24477
24477 24478  4170 14835
 4011 14851 24481 24079
15167 24481 14851 24482
14851 24482 15167 24481
24481 24079  4011 14851
 4013 24486  4015 24084
24486  4188 24498  4015
15174 14855 24488 24490
24490  4189  4189 15174
24488 24490 15174 14855
14885  4190  4190 24506
24495  4012 24103 14868
24496 24495 14868  4024
 4197 24498  4188 24770
 4198 15199 24771  4198
15199  4197 24770 24771
 4190 24506 14885  4190
24136 24507 14887  4030
24507 14885 24506 14887
14887  4030 24136 24507
24518 24496  4024 14900
24519 24518 14900  4034
14921 24531 15231 24532
24532  4036 24162 14921
14913 24519  4034 24537
 4210 14913 24537 24538
 4034 24537 14913 24519
24537 24538  4210 14913
24538  4211 24790  4210
24162 14921 24532  4036
 4216  4046 24173 24547
 4058  4214 24556 24183
24556 24183  4058  4214
24207  4223  4223  4063
 4223  4063 24207  4223
24572 14948 24225 14949
24578 14951 24570  4232
 4070 14959 24585 24240
14959  4234 24586 24585
24585 24240  4070 14959
24586 24585 14959  4234
24591 24253  4078  4238
24254 24596  4081 24257
24596 14978 24609  4081
24609  4081 24596 14978
 4251 14992 24626 24627
24626 24627  4251 14992
15034  4104 27800 24671
 4262 15034 24671  4262
24651 15017 24330 15018
24330 15018 24651 15017
 4266 15368 24653  4266
15368 24651 15018 24653
24672 24673 27801 15035
 4120 24672 15035 24355
 4278 15041 24684 24685
15041 15040 24368 24684
24684 24685  4278 15041
24368 24684 15041 15040
24382  4291 24704  4132
24704  4132 24382  4291
 4316  4170 24478 24739
 4322 15166 24749 24750
15166 15167 24482 24749
24749 24750  4322 15166
24482 24749 15166 15167
 4188 24770  4197 24498
24770 24771 15199  4197
24771  4198  4198 15199
24531 15230 15230 15231
24790  4210 24538  4211
24802 24556  4214  4215
 4377 24802  4215 24804
 4215 24804  4377 24802
15289 24839 15285 15289
15285 15289 15289 24839
15293 24586  4234 15293
24848 24591  4238  4392
15321 24881  4248 24882
 4407 15321 24882 24883
 4248 24882 15321 24881
24882 24883  4407 15321
 4392  4248 24881 24848
24881 24848  4392  4248
 4242 15327 24889 24612
24889 24612  4242 15327
 4255 15344 24905  4255
15344 24887  4410 24905
 4410 24905 15344 24887
24905  4255  4255 15344
24906  4251 24627 15346
24653  4266  4266 15368
 4446  4278 24685 24946
24685 24946  4446  4278
 4458 24704  4291 24973
 4291 24973  4458 24704
24973  4460 25224  4458
 4475 15493 24994 24995
15493  4474 24990 24994
 4479 24990  4474 24991
24994 24995  4475 15493
24990 24994 15493  4474
24991  4316 24739  4479
24739  4479 24991  4316
15526  4322 24750 25015
25013 25014 15937 15525
15937 15525 25013 25014
15525 15526 25015 25013
24750 25015 15526  4322
25015 25013 15525 15526
16038  4531 25064 25065
25064 25065 16038  4531
 4531  4377 24804 25064
24804 25064  4531  4377
 4569 15724 25179 25180
15724  4407 24883 25179
24883 25179 15724  4407
25179 25180  4569 15724
 4594  4446 24946 25202
25202  4595 25335  4594
25224  4458 24973  4460
 4610 25224  4460 25229
25229  4612 25231  4610
 4460 25229  4610 25224
 4614 15862 25232 25237
 4612 25232 15862 25231
25232 25237  4614 15862
25237 16244 25361  4614
16244  4618 25360 25361
15892 15888 25248 25247
 4625 25248 15888 25249
25248 25247 15892 15888
15888 25249  4625 25248
25249 15903 25252  4625
15903  4475 24995 25252
25247 15894 15894 15892
15894 15892 25247 15894
24995 25252 15903  4475
25252  4625 25249 15903
15938 15937 25014 25258
25014 25258 15938 15937
25258 15966 15966 15938
15966 15938 25258 15966
15991 15957 15957 25270
15957 25270 15991 15957
 4662 15992 25282 25283
25270 25282 15992 15991
15992 15991 25270 25282
25282 25283  4662 15992
16040  4662 25283 25302
25065 16040 25302 16038
25283 25302 16040  4662
25302 16038 25065 16040
 4680 16127 25330 25329
16127  4569 25180 25330
25329 16131 25331  4680
16131  4694 25332 25331
25180 25330 16127  4569
25330 25329  4680 16127
25332 25331 16131  4694
25331  4680 25329 16131
16167 25332  4694 16167
 4694 16167 16167 25332
25335  4594 25202  4595
16187 25335  4595 25339
 4707 16186 25337 25338
16186 16187 25339 25337
 4595 25339 16187 25335
25339 25337 16186 16187
16196 16191 25343 16196
16191 16378 25344 25343
25338 25344 16378  4707
25344 25343 16191 16378
25231  4610 25229  4612
16242  4722 25359 25358
 4618 16242 25358 25360
25359 25358 16242  4722
25358 25360  4618 16242
25360 25361 16244  4618
25361  4614 25237 16244
16378  4707 25338 25344
16409 25359  4722 16409
25377 16421 22843 13660
22411 22843 16421  3286
13689  3514 22864 23540
22864 23540 13689  3514
23573 22890  3528 13741
19097 19098  1302 16454
21347 21338  2431  2438
20938  2206 20604  2213
 2206 20607  1989 20604
 1954 20560  2173 20550
 1961 20237  1749 20255
20238  1954 20550  1953
20237 20236  1748  1749
20223 25458 16491  1741
25458  1739 19871 16491
 1739  1528 19566 19871
25470 11873 21902 16504
21530 21902 11873 11326
21531 21530 11326 11313
21168 10734 21173  2549
10710 21168  2549 21147
 2537 21154 10713 21156
10691  2537 21156 21113
25487 10691 21113  2536
25490 25470 16504 16516
16519 25495 27904 21906
25495 25509 16529 27904
25508 16529 25509 27895
25467 25490 16516 16534
 4891  4889  4889 16846
16933 16932  5178  5555
16945    74 16944  5183
16983    95 16971  5268
16881   284 17064   124
17148 17149   360  5108
 5553 17167  5556 17166
17167 16933  5555  5556
 5555  5556 17167 16933
  413   404 17459 17474
  450  5701 17281 17282
17280 17279 25673   279
17279 17281  5701 25673
 5701 25673 17279 17281
17281 17282   450  5701
 6030 17562  6031 17560
25691 17642   656 25690
17099 25691 25690   333
 6158  5849 17383 17385
  518   519 17406 17678
17195 17457  5942   403
17474 17477   415   413
17459 17474   413   404
17482   586 17487   422
17477 17482   422   415
  598  6001 17518 17519
17545   456 17289   608
17562 17563  6405  6031
17563  6406 17887  6405
17625   498   498  6125
 6131 17635  6133 17634
17634   499   499  6131
17635 17639  6493  6133
 6493  6133 17635 17639
25690   333 17099 25691
  656 25690 25691 17642
17385  6161  6161  6158
17777  6312 17787   587
  757 17813   599 17836
17817 17818   759  6338
17282 17540   605   450
17540 17840   765   605
  609  6372 17854 17546
 6404 17883  6406 17881
17883   789 17888 17887
 6406 17881  6404 17883
17887  6405 17563  6406
17888 17887 17883   789
  790  7102 18532 17913
17568  6438 17896  6410
17916 17919  6450  6440
 6450  6440 17916 17919
  797  6450 17919 17935
17935  7147 18598   797
17919 17935   797  6450
  799  6459 17947 17948
17947 17948   799  6459
 7155  7156 18597 18621
  813  7174 18654 18648
  814 17982  6495 17976
18001 18002   825  6527
  664  6547 18018 17660
  668   835 18039 18037
  838   836 18747 18748
  839  7272 18757 18753
  937  6790 18218 18213
 6790   938 18219 18218
 6828  6791 18217 18214
 6792 18217  6791 18215
  940  7715 19034 19036
18215   940 18223  6792
18219 18218  6790   938
 6794   942 18229 18228
18223  6792 18215   940
  964  7784 19069 18309
 6875  6880 18289 18252
 6923   979 18354 18349
18302  6927 18353 18354
18308 17788   743  6889
 6893 18318  6940  6893
 6940  6893  6893 18318
18318  6942 18371  6940
18349  6929 18350  6923
 6927  6930 18356 18353
18354 18349  6923   979
18353 18354 18302  6927
18356 18353  6927  6930
18371  6940 18318  6942
  997 18371  6942 18373
18373  6943 18379   997
 6942 18373   997 18371
 6943   998 18378 18379
18405 18464  7048  1009
18404 18405  1009  6979
 6991  1013 18417 18416
18424  1018 19125  7838
18435 19134  1314 18378
17836 18435   998   757
 1028  7078 18489 18484
18484 18483  7074  1028
18490 18489  7078  1029
18499 18490  1029  7082
 1030 18499  7082  1030
 7099 18525  7894 18524
18524  1044 18528  7099
18528  7099 18524  1044
  789 18532  7102 17888
 1045  7897 19184 19185
 1051  7139 18589 18590
18532 17913   790  7102
 1052  7919 19210 19213
 7919  7918 19208 19210
 7137 18583  1050 18586
17948  7137 18586   799
 1050 18586  7137 18583
18583 18589  7139  1050
18589 18590  1051  7139
 1059  7158 18626 18629
18597 18621  7155  7156
  801 18626  7158 18599
18626 18629  1059  7158
18648 18650  7172   813
 7180 18661  7182 18662
  821  6512 17996   821
 7206 18690  7208 18688
 1084  7255 18727 18728
18002 18700  7218   825
18723 18018  6547   832
 1108  1374 19340 18746
 1109 19340 19341 19342
18753 18761  7277   839
 7279  7280 18767 18766
18773  7279 18766  1090
 7285 18773 18701  7285
 1145 18902  7430 18900
  938 19034  7715 18219
19036  7719 19040 18223
  942  7722 19043 18229
 7722  1276 19044 19043
19044 19043  7722  1276
 1288  7786 19076 19064
19064 19069  7784  1288
 1295 19101  7819 19077
 1302 16454 19097 19098
16454  7816  7816 19097
 8382  8387 19546 19545
19103  8388 19549  1303
18379   997 18373  6943
19123 19120  7835  1016
 1018 19128  7836 19125
19128 19131  1312  7836
17840 18437  1020   765
18437 19137 19134  1020
19146  1323  1323  7857
 1324  7859 19150 19151
19158  7901  7901  8415
 1044 19184  7897 18528
19184 19185  1045  7897
 8415  1328 19587 19158
 7901  8415 19158  7901
19191 19195  7906  7902
 1328 19191  7902 19196
 7902 19196  1328 19191
 7959  8473 19251 19252
18629 19254  7942  1059
19256  8477 19640  1344
19254 19256  1344  7942
 7986  7956 19274 19275
 7956 19277  7958 19274
19277  7959 19252 19280
 7961  7998 19287 19284
 7964  7961 19284  7964
19284  7964  7964  7961
19287 19284  7961  7998
 8002 18665  7965 19291
 1355  8002 19291 19312
 1364  7987 19306  1364
19306  1364  1364  7987
19312  7997 19319  1355
 1366 19664  8514 19663
 7997  1366 19320 19319
19320 19319  7997  1366
 1374 19333  1373 19341
 1375  1597 19675 19676
 1376  1377 19679 19347
 1110  1376 19347 18751
19342 19361  8043  1109
 8047  8042 19360 19363
 8044 19371 19373 19367
 8048  8044 19367 19368
 1385  8046 19375 19376
 8046  8047 19363 19375
 8049  8048 19368 19377
 1387  8538 19690 19385
19368 19377  8049  8048
 1130  8053 19384 18818
 1377  1600 19997 19679
19396 19400  8074  1384
 1395  8100 19416 19405
18900 19416  8100  1145
19545  1302 19098  8382
 1527  1305 19553 19551
19553 19551  1527  1305
19131 19563  1534  1312
19137  1537 19569  1314
19210 19213  1052  7919
19620  8872 19622 19625
 1339 19620  8457 19227
19622 19625 19620  8872
 1567 19622  8872 19930
 8473 19633  8475 19251
19633  8474 19623  8475
19623  8475 19633  8474
 1568  8897 19644 19932
 1597  1596 19989 19675
 1598  1804 20336 19994
19997 19679  1377  1600
19676 19360  8042  1375
 1740 19569  1537 19874
19874  1748 20236  1740
 1537 19874  1740 19569
 1746  1951 20253 19907
20236  1740 19874  1748
19940  8893 19936  8895
 8914 19940  8895 19942
 1773  9388 20293 20281
 8497 19644  8897 19645
 1796  1995 20322 20323
 1798 20326  1998 20324
19989 19675  1597  1596
19973 19989  1596  1795
19994 20006  8953  1598
 8963 20013  8958 20012
20013  8959 20010  8958
20010  8958 20013  8959
 8964 20019  8961 20018
20019  8963 20012  8961
20012  8961 20019  8963
20025  8964 20018  8965
 1600 20025  8965 19997
20018  8965 20025  8964
 1741 20238  1953 20223
16491  1741 20223 25458
 1960  1755 19908 20254
19908 20254  1960  1755
 9904  1969 20566 20565
 1976  9951 20593 20580
 1988 20601  2203 20602
20304 20305  1787  8919
 1989 20604  2206 20607
 1788  1989 20312 20310
 1982 20312 20607 20594
20310 20294  1780  1788
20312 20310  1788  1989
20305 19974  1794  1787
 1996 20613  2211 20617
20336 19994  1598  1804
 2006  2016 20646 20627
20621  1996 20617  2212
 2016  2229 20648 20646
20169 20471  9732  1898
 2112 20478  9735 20475
20545 20253  1951  1952
 2163 20545  1952 20549
 1952 20549  2163 20545
10400  1960 20254 20553
20566 20565  9904  1969
20580 20577  9926  1976
20607 20594  1982 20312
20617  2212 20621  1996
 2213  2431 21338 20938
20604  2213 20938  2206
 2217 20621  2212 20624
20627  1998 20326  2006
20635  2218 20622 10013
 2227 10512 20951 20952
10512 20634  2226 20951
 2228 10515 20961 20962
 2305 20723  2318 20722
20723 20747  2329 20744
20744 20743  2315  2318
20480 10291 20772  2114
10399  2387 20871 20870
 2211 20617  1996 20613
21338 20938  2213  2431
10517 20954 10513 20953
20954 10514 20950 10513
 2226 20951 10512 20634
20950 10513 20954 10514
10520 20964 10516 20963
20964 10517 20953 10516
20953 10516 20964 10517
21090 21091  2304  2305
21098 21100 10690 10687
21091 21098 10687  2304
26746 25487  2536 26747
21100 26746 26747 10690
26747 10690 21100 26746
 2536 26747 26746 25487
21113  2536 25487 10691
21156 21113 10691  2537
10713 21156  2537 21154
 2316 21135  2533 21134
21134 21139  2319  2316
10711 10713 21154 21149
21147 10711 21149 10710
 2549 21147 10710 21168
 2558 21173 10734 25476
10734 25476  2558 21173
10752 21188 11312 21187
25476 10752 21187  2558
 2602  2603 21568 21260
20862 21262  2618  2379
 2622  2631 21656  2622
 2631 11467 21658 21656
 2687 21347  2438 21348
21348 11019 21366  2687
 2785 11260 21480 21476
11260  2533 21135 21480
 2796 11285 21865 21866
11285  2803 21867 21865
11313 11312 21188 21531
11326 11313 21531 21530
21188 21531 11313 11312
21262 21607  2857  2618
21656  2622  2622  2631
21654  2880 21662 11481
21658 21656  2631 11467
11986 21658 11467 21660
 2881 11998 22055 22045
 2887 12011 22065 22056
 2964 12129 22171 22172
21885  3042 22304  3041
 3042 12304 22315 22304
12304  3048 22316 22315
21902 16504 25470 11873
21906 16536 25518 16519
 3048 12310 22321 22316
12310  3050 22322 22321
21939 11924 21964 21570
21937 21939  2828  2829
21943 21942 11901  3059
 3074  3084 22388 22389
22014 22013  3084  2860
 2860  3095 22019 22014
 3095 11968 22018 22019
22021 22026 11985 22029
11968 22021 11969 22018
11985 22029 22021 22026
22018 22019  3095 11968
 2880 11995 22052 21662
11995  3101 22053 22052
12440 27081 22048 22049
27081 11985 22026 22048
22053 22052 11995  3101
 3102 12454 22446 22447
27276 12469 22458 22459
12469 22070 12012 22072
12011 12012 22070 22065
 3117 22481  3329 22479
 3110  3117 22479 22463
 3141 12527 22525 22526
 3151 12560 22546 22547
 3152 12563 22549 22550
 3180 22179  3173 22604
27180 22277  3226 12263
27210 22276 27218 22280
27217  3033  3033 27208
 3033 27208 27217  3033
27208 27210 22280 27217
22280 27217 27208 27210
22276 27180 12263 27218
12263 27218 22276 27180
12342 22343 12857 22341
22389 12385 22368  3074
22013 22411  3286 22388
22019 22014  2860  3095
 3514 22414  3298 22864
11970  3298 22414 22027
 3101 12451 22437 22053
12451  3306 22439 22437
 3307 12453 22445 22448
22439 22437 12451  3306
22447 22445 12453 22430
22445 22448  3307 12453
 3312 12468 22460 22461
12468 22464 12471 22460
22459 22449  3106 27276
 3106 27276 22459 22449
22462 12471 22464 22458
22460 22461  3312 12468
 3328 22972  3565 22968
22479 22463  3110  3117
 3338  3563 22993 22992
 3339 12535 22529 22530
22481  3339 22996  3329
22527 12566 22554 12567
22136 22527 12567 12529
 3351 13148 22562  3351
 3348 12552 22536 22520
12622 12621 22589 22581
13201 12622 22581 22582
 3382 13209 13209 22590
 3390  3180 22604 22605
22277 22704 12766  3226
22691 23234 13380  3437
 3460 12841 22772 22765
 3255 22772 12841 22326
22764 23448  3744  3462
22779 12851 12851 12845
22800 12864 12864 13616
 3485 22800 13616 23472
12896  3269  3269 22818
22818 12898 22820 12896
 3269 22818 12896  3269
 3496 25377 13660 23499
22843 13660 25377 16421
 3298 22864  3514 22414
12959  3523 22878 22879
 3525 12959 22879 22880
 3306 12990 12990 22439
12965  3528 22890 22889
22448 12965 22889  3307
22890 22889 12965  3528
22889  3307 22448 12965
12990 22439  3306 12990
12994 12993 12993 22911
13027 12994 22911 22912
22912  3312 22461 13027
12993 22911 12994 12993
13034 22954 13033 22926
22905 13020 13020 22938
22907 22905  3540 12988
 3552 13847 23655  3552
 3553 13050 22973 22974
13847  3553 22974 23655
22461 13027 22912  3312
22953 23663 13850 13849
22954 22953 13849 13033
13033 22926 13034 22954
22943  3562 22967  3317
22970  3564 22976 13051
22976 13051 22970  3564
 3573  3854 23720 23719
23013 22517  3347 13097
23017 23013 13097  3338
23014 23017 22992 13096
23025 13100 23024 13123
13123 13122 13122 23025
23024 13123 23025 13100
 3581 23024 13100 23015
12552  3358 22537 22536
 3358 23051 13130 22537
13136 23056 13132 23054
23056 23053 13133 13132
13133 13132 23056 23053
13139 23063 13135 23062
23062  3597 23075 23074
23063 13136 23054 13135
23054 13135 23063 13136
 3598 13138 23072 23073
13138 13139 23074 23072
23074 23072 13138 13139
23075 23074 23062  3597
 3602 13169 23097 23098
13203  3622 23110 23113
 3624 13203 23113 23114
22582 13202 23111 13201
23110 23113 13203  3622
23113 23114  3624 13203
13209 22590  3382 13209
 3622  3389 23137 23138
23138 23111 13202 23110
23137 23138  3622  3389
23210 13361 22703  3442
23232 23239 13385  3666
 3442 23302 13426 23210
 3694 16420 23307 23308
13428 23299 13427 23300
23300 23307 16420 13428
23308 13466 23349  3694
23325 13491 23367  3702
13491  3714 23368 23367
13531  3729 23387 23388
 3714 13531 23388 23368
23387 23388 13531  3729
23388 23368  3714 13531
 3734 13590 23443 23402
 3755 24106 14413 24104
23472 23474 13618 22796
13616 23472  3485 22800
23441 23444 13623 13588
23497 23498  3764 13641
 3768 14456 24158 24150
 3773 24164 14472 24157
 3781 13681 23526 23527
13681  3782 23528 23526
23526 23527  3781 13681
23528 23526 13681  3782
 3786 13689 23540 23541
23540 23541  3786 13689
 3782 13721 23559 23528
23561 23562  3801 13728
22880 23561 13728  3525
22879 22880  3525 12959
23644 23646 14535 13835
23653 23652 13851 13848
13848 13900 23657 23653
23655  3552  3552 13847
22974 23655 13847  3553
13850 13849 22953 23663
 3842 13850 23667 23668
23663 13851 23652 23667
 3843 24241 14557 23672
23673 13862 13862  3824
 3562 22993  3563 22967
23697  3855 23701 13901
23701 13901 23697  3855
22997 23696  3856 22969
13997 23757 14625 23755
14634 23772 13975 23775
23771 13975 23772 13974
13975 23775 14634 23772
13996 23803 23755 23801
23798 14003 23809  3608
23831  3906 23835 14037
23841 23864 14082 14080
 3936 14152 23901 23929
23867 23898 14118 14116
23114 23941 14163  3624
 3729 14344 24067 23387
24068 24067 14344  3998
 4012 24102 24104 24103
 3998 14379 24085 24068
24084 24085 14379  4013
24085 24068  3998 14379
24094 24488 14855 14854
24108 14413 24106  3756
23475 24135 14434  3762
23498 14438 23490  3764
23527 14479 24167  3781
24214 24217 14543  3836
24228 14545 24224 14547
14547 14549 24230 24228
24224 14547 24228 14545
14948 24224 24223 24225
24230 24228 14547 14549
14549 14550 24233 24230
23668 14558 24244  3842
14993 24293 14643 24291
27801 15035 24672 24673
14639 24330 15017 24329
14641 14643 24293 24337
24293 24337 14641 14643
14680 24368 15040 24366
24093 24477 14835  4001
14855 14854 24094 24488
24498  4015 24486  4188
24506 14887 24507 14885
15231 24532 14921 24531
 4214  4215 24802 24556
 4211  4216 24547 24790
24173 24547  4216  4046
14951 24572 14949 24570
24225 14949 24572 14948
24570  4232 24578 14951
14949 24570 14951 24572
 4238  4392 24848 24591
 4078  4238 24591 24253
14978  4242 24612 24609
24612 24609 14978  4242
14992 14993 24291 24626
24291 24626 14992 14993
24627 15346 24906  4251
15018 24653 15368 24651
15346  4256  4256 24906
27800 24671 15034  4104
24673 27800  4104 27801
 4104 27801 24673 27800
24671  4262  4262 15034
24478 24739  4316  4170
 4189 15174 24490  4189
15230 15231 24531 15230
24547 24790  4211  4216
 4232 15285 24839 24578
24839 24578  4232 15285
 4234 15293 15293 24586
27831  4410 24887 24886
24887 24886 27831  4410
24886 24889 15327 27831
15327 27831 24886 24889
 4256 24906 15346  4256
 4474 24991  4479 24990
24946 25202  4594  4446
15862 25231  4612 25232
25337 25338  4707 16186
25343 16196 16196 16191
 4722 16409 16409 25359
 7816 19097 16454  7816
25509 27895 25508 16529
16504 16516 25490 25470
16529 27904 25495 25509
27904 21906 16519 25495
16536 25467 16534 25518
16534 25518 16536 25467
16516 16534 25467 25490
25518 16519 21906 16536
28025 28358 27922 28359
28361 28360 28024 27924
28359 28024 28360 28025
28360 28025 28359 28024
28370 27921 28353 27930
28031 28377 27925 28380
28376 28361 27924 28029
27933 28031 28380 27933
28035 28381 28050 28382
28384 28383 28033 27937
28034 28033 28383 28385
28383 28385 28034 28033
28382 28034 28385 28035
28385 28035 28382 28034
28389 28384 27937 27928
27930 28389 27928 28370
28395 28394 28047 28045
28396 28395 28045 28049
28394 28397 28046 28047
28397 27949 28405 28046
27949 28091 28409 28405
28409 28405 27949 28091
28076 28075 28411 28410
28411 28410 28076 28075
28414 27954 28417 28078
28091 28429 27953 28409
27962 28113 28476 28473
28472 28417 27954 28114
28127 28124 28493 28497
27972 28153 28495 28559
28135 28493 28124 28500
28525 27962 28473 28136
28553 27980 28556 28151
28554 28553 28151 28190
28156 28556 27980 28570
28495 28559 27972 28153
28570 27972 28559 28156
27988 28180 28602 28604
28180 27989 28601 28602
28184 27988 28604 28606
28605 28184 28606 27979
28190 28605 27979 28554
28286 28222 28634 28636
28239 28230 28690 28637
28637 28289 28683 28239
28690 28637 28239 28230
28230 28294 28646 28690
28645 28648 28242 28233
28242 28233 28645 28648
28244 28242 28648 28652
28653 28244 28652 28248
28249 28653 28248 28654
28660 28659 28252 28014
28659 28655 28012 28252
28661 28660 28014 28256
28662 28661 28256 28016
28666 28662 28016 28262
28270 28666 28262 28270
28380 27933 27933 28031
28675 27922 28358 28697
28262 28270 28270 28666
28002 28286 28636 28684
28634 28636 28286 28222
28289 28002 28684 28683
28684 28683 28289 28002
28636 28684 28002 28286
28683 28239 28637 28289
28294 28689 28297 28646
28297 28646 28294 28689
28689 28645 28233 28297
27922 28359 28025 28358
27924 28029 28376 28361
28029 27925 28377 28376
27928 28370 27930 28389
28358 28697 28675 27922
28353 27930 28370 27921
28377 28376 28029 27925
28381 28396 28049 28050
28075 27953 28429 28411
27953 28409 28091 28429
28410 28414 28078 28076
28078 28076 28410 28414
28417 28078 28414 27954
28429 28411 28075 27953
28113 28472 28114 28476
27954 28114 28472 28417
28476 28473 27962 28113
28473 28136 28525 27962
28114 28476 28113 28472
28153 28127 28497 28495
28493 28497 28127 28124
28500 28525 28136 28135
28124 28500 28135 28493
28136 28135 28500 28525
27979 28554 28190 28605
28151 28190 28554 28553
27980 28570 28156 28556
28556 28151 28553 27980
28559 28156 28570 27972
28497 28495 28153 28127
28601 28602 28180 27989
27989 28634 28222 28601
28646 28690 28230 28294
28233 28297 28689 28645
28655 28249 28654 28012
28016 28262 28666 28662
27893  4944 16541 28905
 4944 27875 28880 16541
27875   113 16540 28880
  113  4966 16548 16540
 4966   114 16547 16548
  114 16554  5309 16547
16554 16555   261  5309
16555  5316 16558   261
 5316   262 16557 16558
  262   272 16556 16557
  272   441 16565 16556
  441 16571  5992 16565
16571   596 16573  5992
  596 16577  6324 16573
16577   754 16580  6324
  754 16583  6933 16580
16583   995 16587  6933
  995  1019 16588 16587
 1019  1313 16594 16588
 1313  1535 16598 16594
 1535  9299 16603 16598
 9299 16607  9301 16603
16607  9265 16606  9301
 9265  9264 16608 16606
 9264  1935 16609 16608
 1935 28866 26549 16609
28866 28867 26551 26549
28867 28868 26548 26551
28868  2148 16618 26548
 2148 28869 26662 16618
28869 16630 10351 26662
16630  2363 16631 10351
 2363 16660 10811 16631
16660 28909 26804 10811
28909  2591 16661 26804
 2591 28872 26904 16661
28872  2592 16678 26904
 2592 11927 16679 16678
11927 16692 11928 16679
16692 12377 16693 11928
12377 16720 12376 16693
16720 12350 16721 12376
12350 12873 16722 16721
12873 16741 12872 16722
16741 16739 12869 12872
16739 12874 16740 12869
12874 16737 12875 16740
16737 13591 16738 12875
13591 16767 13589 16738
16767 16764 13581 13589
16764 28913 27558 13581
28913 14353 16763 27558
14353 14355 16774 16763
14355 16775 14356 16774
16775 16773  3991 14356
16773  3993 16772  3991
 3993 16797  4168 16772
16797 14820 16796  4168
14820 16795 14819 16796
16795 16794 15140 14819
16794 16792  4163 15140
16792 16793 15135  4163
16793 16791  4162 15135
16791 14803 16790  4162
14803 16770  3977 16790
16770 16771 14285  3977
16771 16752  3675 14285
16752 16753 13355  3675
16753 13408 16751 13355
13408 13410 16756 16751
13410 16736 13411 16756
16736 16735 12788 13411
16735 28901 27329 12788
28901 16716 12787 27329
16716 28895 27232 12787
28895 16715 12284 27232
16715 28896 27885 12284
28896 16717 12298 27885
16717 28897 27888 12298
28897 28898 27889 27888
28898 28899 27890 27889
28899 16719 12301 27890
16719 28910 27881 12301
28910 28911 27882 27881
28911 28912 27883 27882
16718 29141 30603 28352
29141 27235 28874 30603
29142 16718 16800 29714
28912 29142 29714 27883
27235 16686 28019 28874
16686 16685 28267 28019
16685 27010 28873 28267
27010 16674 28015 28873
16674 16675 28255 28015
16675 16659 28254 28255
16659 10736 28345 28254
10736 26786 28871 28345
26786 16655 28011 28871
16655 16654 28247 28011
16654 16629 28009 28247
16629 10256 28338 28009
10256 16627 28006 28338
16627 16628 28235 28006
16628 16625 28005 28235
16625 26615 28893 28005
26615 16626 28232 28893
16626 26616 28870 28232
26616 16623 28003 28870
16623 16624 28226 28003
16624 16622 28225 28226
16622 16621 28224 28225
16621 16616 28221 28224
16616  9691 28327 28221
 9691  9695 28328 28327
 9695  9706 28329 28328
 9706 16617 28186 28329
16617 26539 28892 28186
26539 16604 28185 28892
16604  9155 28323 28185
 9155 28889 28811 28323
28889  9156 28324 28811
 9156 28891 28814 28324
28891 16605 28150 28814
16605 28890 28813 28150
28890 16600 28149 28813
16600 28888 28773 28149
28888 16599 28122 28773
16599 28885 28770 28122
28885 28886 28769 28770
28886 28887 28767 28769
28887 16595 28121 28767
16595 28908 28731 28121
28908  8310 28317 28731
 8310 16591 28097 28317
16591 16590 28081 28097
16590 28884 28728 28081
28884 16589 28079 28728
16589 16581 27946 28079
16581 28907 28716 27946
28907  6760 28314 28716
 6760 16582 28068 28314
16582 16574 27944 28068
16574 16575 28048 27944
16575 16566 27934 28048
16566 16567 28044 27934
16567 16568 27935 28044
16568 16569 28032 27935
16569 16559 27926 28032
16559 16560 27927 27926
16560 28864 28704 27927
28864 25626 28863 28704
25626 16549 27920 28863
16549 25545 28861 27920
25545 28862 28695 28861
28862 16539 27919 28695
16539 28879 28858 28355
28879 25533 28878 28858
16799 29304 28914 16803
29304 16459 16802 28914
29305 16799 28022 30806
25533 29305 30806 28878
16459 16443 16801 16802
16443 27892 28904 16801
27892  4949 16542 28904
 4949 16545  4947 16542
16545 16543  4946  4947
16543  4951 16544  4946
 4951 25540 28881 16544
25540  5291 16546 28881
 5291 16551  5290 16546
16551  5279 16550  5290
 5279 16552  5278 16550
16552   257 16553  5278
  257 16561  5666 16553
16561   427 16562  5666
  427 16563  5667 16562
16563   435 16564  5667
  435 16570  5995 16564
16570   592 16572  5995
  592 16576  6327 16572
16576   747 16578  6327
  747  6937 16579 16578
 6937  6938 16584 16579
 6938  7811 16586 16584
 7811   996 16585 16586
  996  7814 16592 16585
 7814  1301 16593 16592
 1301 16596  8381 16593
16596  1525 16597  8381
 1525  8803 16601 16597
 8803  9268 16602 16601
 9268  9272 16610 16602
 9272  9273 16611 16610
 9273 16612  1938 16611
16612 16613  9279  1938
16613 16614  1939  9279
16614 16615  9281  1939
16615  1941 16619  9281
 1941  2158 16620 16619
 2158 10384 16632 16620
10384 10382 16633 16632
10382  2165 16634 16633
 2165  2389 16635 16634
 2389 16636 10403 16635
16636 10417 16637 10403
10417 10420 16638 16637
10420 10432 16639 16638
10432 10434 16640 16639
10434 10919 16641 16640
10919  2407 16662 16641
 2407 10924 16663 16662
10924 10925 16664 16663
10925  2650 16665 16664
 2650  2893 16680 16665
 2893 16681 12024 16680
16681 16695  2903 12024
16695  3118 16694  2903
 3118 16696  3130 16694
16696 16703  3129  3130
16703 16702  2932  3129
16702 12066 16700  2932
12066  3143 16701 16700
 3143 16712 12094 16701
16712 16711 12093 12094
16711 12091 16710 12093
12091 16709 12092 16710
16709 12088 16708 12092
12088 16707 12089 16708
16707 12085 16706 12089
12085 16705 12086 16706
16705 16704 12082 12086
16704 16699 12081 12082
16699 16698 12065 12081
16698 16697  3140 12065
16697 12526 16732  3140
12526 16731 12525 16732
16731 16730 12521 12525
16730 16729 12520 12521
16729 16728  3327 12520
16728 16727  3326  3327
16727 16725  3109  3326
16725 16726 12466  3109
16726 16724 12465 12466
16724 12989 16723 12465
12989 12991 16746 16723
12991 16745 12992 16746
16745 16743 12986 12992
16743 12958 16742 12986
12958 13729 16744 16742
13729 13731 16768 16744
13731 14508 16769 16768
14508 27678 28903 16769
27678 14510 16787 28903
14510 14514 16788 16787
14514 14938 16789 16788
14938 16798 14937 16789
16798 28875 27752 14937
28875 28876 27753 27752
28876 28877 27754 27753
28877 16786  4052 27754
16786 16785  4041  4052
16785 16784 14917  4041
16784 16783  4035 14917
16783 16782 14902  4035
16782 16781  4026 14902
16781 16780 14871  4026
16780 16779  4025 14871
16779 14414 16778  4025
14414 16777  4014 16778
16777 14384 16776  4014
14384 16766  3745 16776
16766 13570 16765  3745
13570 16762  3730 16765
16762 13536 16761  3730
13536 16760  3715 16761
16760 13494 16759  3715
13494 16757  3703 16759
16757 28902 27498  3703
28902 16758 13456 27498
16758 16754  3688 13456
16754 16755 13388  3688
16755 16749  3667 13388
16749 16750 13340  3667
16750 16747  3658 13340
16747 16748 13335  3658
16748 16734  3421 13335
16734 12708 16733  3421
12708 16714  3220 16733
16714 12257 16713  3220
12257 16684  3022 16713
16684 11822 16683  3022
11822  2786 16682 16683
 2786 11820 16670 16682
11820 16667  2771 16670
16667 16666 11226  2771
16666 16668  2769 11226
16668 16669 11202  2769
16669 16642 11203 11202
16642 10673 16643 11203
10673 16644 10674 16643
16644 10675 16645 10674
10675 10684 16646 16645
10684 11230 16647 16646
11230 11233 16671 16647
11233 11236 16672 16671
11236 11237 16673 16672
11237 16648 11238 16673
16648 16650 10709 11238
16650 16649 10712 10709
16649  2548 16653 10712
 2548 16651 11266 16653
16651 10730 16652 11266
10730 16658 10731 16652
16658 16657 10732 10731
16657 16656 10751 10732
16656 16677  2559 10751
16677 16676 11315  2559
16676 16687  2812 11315
16687 16688 11874  2812
16688 16689  3044 11874
16689 16690 11875  3044
16690 28894 27897 11875
28894 16691 27896 27897
16691 28900 27902 11871
16800 29714 29142 16718
29714 27883 28912 29142
29715 16800 28352 30134
28900 29715 30134 27902
27883 27882 28911 28912
27882 27881 28910 28911
27881 12301 16719 28910
12301 27890 28899 16719
27890 27889 28898 28899
27889 27888 28897 28898
27888 12298 16717 28897
12298 27885 28896 16717
27885 12284 16715 28896
12284 27232 28895 16715
27232 12787 16716 28895
12787 27329 28901 16716
27329 12788 16735 28901
12788 13411 16736 16735
13411 16756 13410 16736
16756 16751 13408 13410
16751 13355 16753 13408
13355  3675 16752 16753
 3675 14285 16771 16752
14285  3977 16770 16771
 3977 16790 14803 16770
16790  4162 16791 14803
 4162 15135 16793 16791
15135  4163 16792 16793
 4163 15140 16794 16792
15140 14819 16795 16794
14819 16796 14820 16795
16796  4168 16797 14820
 4168 16772  3993 16797
16772  3991 16773  3993
 3991 14356 16775 16773
14356 16774 14355 16775
16774 16763 14353 14355
16763 27558 28913 14353
27558 13581 16764 28913
13581 13589 16767 16764
13589 16738 13591 16767
16738 12875 16737 13591
12875 16740 12874 16737
16740 12869 16739 12874
12869 12872 16741 16739
12872 16722 12873 16741
16722 16721 12350 12873
16721 12376 16720 12350
12376 16693 12377 16720
16693 11928 16692 12377
11928 16679 11927 16692
16679 16678  2592 11927
16678 26904 28872  2592
26904 16661  2591 28872
16661 26804 28909  2591
26804 10811 16660 28909
10811 16631  2363 16660
16631 10351 16630  2363
10351 26662 28869 16630
26662 16618  2148 28869
16618 26548 28868  2148
26548 26551 28867 28868
26551 26549 28866 28867
26549 16609  1935 28866
16609 16608  9264  1935
16608 16606  9265  9264
16606  9301 16607  9265
 9301 16603  9299 16607
16603 16598  1535  9299
16598 16594  1313  1535
16594 16588  1019  1313
16588 16587   995  1019
16587  6933 16583   995
 6933 16580   754 16583
16580  6324 16577   754
 6324 16573   596 16577
16573  5992 16571   596
 5992 16565   441 16571
16565 16556   272   441
16556 16557   262   272
16557 16558  5316   262
16558   261 16555  5316
  261  5309 16554 16555
 5309 16547   114 16554
16547 16548  4966   114
16548 16540   113  4966
16540 28880 27875   113
28880 16541  4944 27875
16541 28905 27893  4944
29926 28022 16803 30602
28905 29926 30602 27893
19510 19044  1276  8326
19511 19510  8326  1499
19811 19511  1499  1710
20501 20185  1912  9773
28352 30134 29715 16800
30134 27902 28900 29715
27902 11871 16691 28900
11871 30143 30144 27896
30143 25508 27895 30144
30144 27896 11871 30143
27895 30144 30143 25508
27896 27897 28894 16691
27897 11875 16690 28894
11875  3044 16689 16690
 3044 11874 16688 16689
11874  2812 16687 16688
 2812 11315 16676 16687
11315  2559 16677 16676
 2559 10751 16656 16677
10751 10732 16657 16656
10732 10731 16658 16657
10731 16652 10730 16658
16652 11266 16651 10730
11266 16653  2548 16651
16653 10712 16649  2548
10712 10709 16650 16649
10709 11238 16648 16650
11238 16673 11237 16648
16673 16672 11236 11237
16672 16671 11233 11236
16671 16647 11230 11233
16647 16646 10684 11230
16646 16645 10675 10684
16645 10674 16644 10675
10674 16643 10673 16644
16643 11203 16642 10673
11203 11202 16669 16642
11202  2769 16668 16669
 2769 11226 16666 16668
11226  2771 16667 16666
 2771 16670 11820 16667
16670 16682  2786 11820
16682 16683 11822  2786
16683  3022 16684 11822
 3022 16713 12257 16684
16713  3220 16714 12257
 3220 16733 12708 16714
16733  3421 16734 12708
 3421 13335 16748 16734
13335  3658 16747 16748
 3658 13340 16750 16747
13340  3667 16749 16750
 3667 13388 16755 16749
13388  3688 16754 16755
 3688 13456 16758 16754
13456 27498 28902 16758
27498  3703 16757 28902
 3703 16759 13494 16757
16759  3715 16760 13494
 3715 16761 13536 16760
16761  3730 16762 13536
 3730 16765 13570 16762
16765  3745 16766 13570
 3745 16776 14384 16766
16776  4014 16777 14384
 4014 16778 14414 16777
16778  4025 16779 14414
 4025 14871 16780 16779
14871  4026 16781 16780
 4026 14902 16782 16781
14902  4035 16783 16782
 4035 14917 16784 16783
14917  4041 16785 16784
 4041  4052 16786 16785
 4052 27754 28877 16786
27754 27753 28876 28877
27753 27752 28875 28876
27752 14937 16798 28875
14937 16789 14938 16798
16789 16788 14514 14938
16788 16787 14510 14514
16787 28903 27678 14510
28903 16769 14508 27678
16769 16768 13731 14508
16768 16744 13729 13731
16744 16742 12958 13729
22878 22879 12959  3523
16742 12986 16743 12958
12988 22878  3523 22907
12986 12992 16745 16743
 3540 12988 22907 22905
12992 16746 12991 16745
13021  3540 22938 22937
16746 16723 12989 12991
 3311 13021 22937 22939
16723 12465 16724 12989
12465 12466 16726 16724
13024  3311 22939 22942
12466  3109 16725 16726
 3109  3326 16727 16725
22967  3317 22943  3562
 3326  3327 16728 16727
 3327 12520 16729 16728
12520 12521 16730 16729
 3347 13097 23013 22517
12521 12525 16731 16730
12525 16732 12526 16731
16732  3140 16697 12526
12527 22522 12528 22525
 3140 12065 16698 16697
12065 12081 16699 16698
12554  3141 22526 22538
12081 12082 16704 16699
 3149 12554 22538 22539
12082 12086 16705 16704
12557  3149 22539 22540
12086 16706 12085 16705
 3150 12557 22540 22541
16706 12089 16707 12085
12560  3150 22541 22546
12089 16708 12088 16707
16708 12092 16709 12088
12092 16710 12091 16709
16710 12093 16711 12091
12093 12094 16712 16711
12094 16701  3143 16712
16701 16700 12066  3143
12067 22136 12529 22135
16700  2932 16702 12066
12068 12067 22135 22138
 2932  3129 16703 16702
 3144 12068 22138 22139
 3129  3130 16696 16703
12535  3144 22139 22529
 3130 16694  3118 16696
16694  2903 16695  3118
 2903 12024 16681 16695
12024 16680  2893 16681
16680 16665  2650  2893
16665 16664 10925  2650
16664 16663 10924 10925
16663 16662  2407 10924
16662 16641 10919  2407
16641 16640 10434 10919
16640 16639 10432 10434
16639 16638 10420 10432
16638 16637 10417 10420
16637 10403 16636 10417
10403 16635  2389 16636
16635 16634  2165  2389
16634 16633 10382  2165
16633 16632 10384 10382
16632 16620  2158 10384
16620 16619  1941  2158
16619  9281 16615  1941
 9281  1939 16614 16615
 1939  9279 16613 16614
 9279  1938 16612 16613
 1938 16611  9273 16612
16611 16610  9272  9273
16610 16602  9268  9272
16602 16601  8803  9268
16601 16597  1525  8803
16597  8381 16596  1525
 8381 16593  1301 16596
16593 16592  7814  1301
16592 16585   996  7814
16585 16586  7811   996
16586 16584  6938  7811
16584 16579  6937  6938
16579 16578   747  6937
16578  6327 16576   747
 6327 16572   592 16576
16572  5995 16570   592
 5995 16564   435 16570
16564  5667 16563   435
 5667 16562   427 16563
16562  5666 16561   427
 5666 16553   257 16561
16553  5278 16552   257
 5278 16550  5279 16552
16550  5290 16551  5279
 5290 16546  5291 16551
16546 28881 25540  5291
28881 16544  4951 25540
16544  4946 16543  4951
 4946  4947 16545 16543
 4947 16542  4949 16545
16542 28904 27892  4949
28904 16801 16443 27892
16801 16802 16459 16443
16802 28914 29304 16459
28914 16803 16799 29304
16803 30602 29926 28022
30602 27893 28905 29926
30603 28352 16718 29141
28256 28016 28662 28661
28014 28256 28661 28660
28252 28014 28660 28659
28012 28252 28659 28655
28654 28012 28655 28249
28248 28654 28249 28653
28652 28248 28653 28244
28648 28652 28244 28242
27925 28380 28031 28377
28024 27924 28361 28360
28022 30806 29305 16799
30806 28878 25533 29305
28878 28858 28879 25533
28858 28355 16539 28879
28355 30815 30816 28698
30815 28675 28697 30816
30816 28698 28355 30815
28697 30816 30815 28675
28698 30818 30819 27919
30818 28353 27921 30819
30819 27919 28698 30818
27921 30819 30818 28353
27919 28695 28862 16539
28695 28861 25545 28862
28861 27920 16549 25545
27920 28863 25626 16549
28863 28704 28864 25626
28704 27927 16560 28864
27937 27928 28389 28384
28033 27937 28384 28383
27927 27926 16559 16560
27926 28032 16569 16559
28050 28382 28035 28381
28032 27935 16568 16569
28049 28050 28381 28396
27935 28044 16567 16568
28045 28049 28396 28395
28044 27934 16566 16567
28047 28045 28395 28394
27934 28048 16575 16566
28046 28047 28394 28397
28048 27944 16574 16575
28405 28046 28397 27949
27944 28068 16582 16574
28068 28314  6760 16582
28314 28716 28907  6760
28716 27946 16581 28907
27946 28079 16589 16581
28079 28728 28884 16589
28728 28081 16590 28884
28081 28097 16591 16590
28097 28317  8310 16591
28317 28731 28908  8310
28731 28121 16595 28908
28121 28767 28887 16595
28767 28769 28886 28887
28769 28770 28885 28886
28770 28122 16599 28885
28122 28773 28888 16599
28773 28149 16600 28888
28149 28813 28890 16600
28813 28150 16605 28890
28150 28814 28891 16605
28814 28324  9156 28891
28324 28811 28889  9156
28811 28323  9155 28889
28323 28185 16604  9155
28606 27979 28605 28184
28185 28892 26539 16604
28892 28186 16617 26539
28604 28606 28184 27988
28186 28329  9706 16617
28602 28604 27988 28180
28329 28328  9695  9706
28328 28327  9691  9695
28327 28221 16616  9691
28222 28601 27989 28634
28221 28224 16621 16616
28224 28225 16622 16621
28225 28226 16624 16622
28226 28003 16623 16624
28003 28870 26616 16623
28870 28232 16626 26616
28232 28893 26615 16626
28893 28005 16625 26615
28005 28235 16628 16625
28235 28006 16627 16628
28006 28338 10256 16627
28338 28009 16629 10256
28009 28247 16654 16629
28247 28011 16655 16654
28011 28871 26786 16655
28871 28345 10736 26786
28345 28254 16659 10736
28254 28255 16675 16659
28255 28015 16674 16675
28015 28873 27010 16674
28873 28267 16685 27010
28267 28019 16686 16685
28019 28874 27235 16686
28874 30603 29141 27235
