1042
 675 5984  673 5986
5984 5985  672  673
 677  675 5987 5988
 679  677 5988 5990
 681  679 5991 5992
 683  681 5992 5994
 673 5986  675 5984
 725 5987 5986 5989
5987 5988  677  675
5986 5989  725 5987
5988 5990  679  677
 727 5991 5990 5993
5991 5992  681  679
5990 5993  727 5991
5992 5994  683  681
 729  683 5994 5995
5994 5995  729  683
 752  725 5989 5996
5989 5996  752  725
 754  727 5993 5997
5993 5997  754  727
 756  729 5995 5998
5995 5998  756  729
 779  752 5996 5999
5996 5999  779  752
 781  754 5997 6000
5997 6000  781  754
 783  756 5998 6001
5998 6001  783  756
5999  806 6003  779
6003  779 5999  806
6000  808 6004  781
6004  781 6000  808
6001  810 6005  783
6005  783 6001  810
6032  980 6033  979
6033  979 6032  980
6034 6032  979 1029
6037 6034 1029 1055
5985 6040 6038  672
6040 6037 1055 1054
1086 6003  806 6042
 806 6042 1086 6003
1088 6004  808 6043
 808 6043 1088 6004
1090 6005  810 6044
 810 6044 1090 6005
1113 1086 6042 6045
6042 6045 1113 1086
1115 1088 6043 6046
6043 6046 1115 1088
1117 1090 6044 6047
6044 6047 1117 1090
1140 1113 6045 6048
6045 6048 1140 1113
1142 1115 6046 6049
6046 6049 1142 1115
1144 1117 6047 6050
6047 6050 1144 1117
6048 1167 6051 1140
6051 1140 6048 1167
6049 1169 6052 1142
6052 1142 6049 1169
6050 1171 6053 1144
6053 1144 6050 1171
6081 1318 6082 1317
6082 1317 6081 1318
1317 6033  980 6081
 980 6081 1317 6033
1373 6051 1167 6085
1167 6085 1373 6051
1375 6052 1169 6086
1169 6086 1375 6052
1377 6053 1171 6087
1171 6087 1377 6053
6085 1400 6089 1373
6089 1373 6085 1400
6086 1402 6090 1375
6090 1375 6086 1402
6087 1404 6091 1377
6091 1377 6087 1404
6112 1532 6113 1531
6113 1531 6112 1532
1531 6082 1318 6112
1318 6112 1531 6082
1586 6089 1400 6115
1400 6115 1586 6089
1588 6090 1402 6116
1402 6116 1588 6090
1590 6091 1404 6117
1404 6117 1590 6091
6115 1613 6119 1586
6119 1586 6115 1613
6116 1615 6120 1588
6120 1588 6116 1615
6117 1617 6121 1590
6121 1590 6117 1617
6146 1740 6147 1739
6147 1739 6146 1740
1739 6113 1532 6146
1532 6146 1739 6113
1793 6119 1613 6150
1613 6150 1793 6119
1795 6120 1615 6151
1615 6151 1795 6120
1797 6121 1617 6152
1617 6152 1797 6121
6150 1820 6154 1793
6154 1793 6150 1820
6151 1822 6155 1795
6155 1795 6151 1822
6152 1824 6156 1797
6156 1797 6152 1824
6173 1946 6174 1945
6174 1945 6173 1946
1945 6147 1740 6173
1740 6173 1945 6147
1998 6154 1820 6177
1820 6177 1998 6154
2000 6155 1822 6178
1822 6178 2000 6155
2002 6156 1824 6179
1824 6179 2002 6156
6177 2025 6180 1998
6180 1998 6177 2025
6178 2027 6181 2000
6181 2000 6178 2027
6179 2029 6182 2002
6182 2002 6179 2029
1946 2143 6205 6174
6205 6174 1946 2143
2176 6180 2025 6206
2025 6206 2176 6180
2178 6181 2027 6207
2027 6207 2178 6181
2180 6182 2029 6208
2029 6208 2180 6182
2143 2290 6217 6205
6217 6205 2143 2290
2323 2176 6206 6219
6206 6219 2323 2176
2325 2178 6207 6220
6207 6220 2325 2178
2327 2180 6208 6221
6208 6221 2327 2180
6243 2424 6244 2423
6244 2423 6243 2424
2424 2426 6277 6244
2426 2428 6278 6277
2428 2430 6279 6278
2430 2432 6280 6279
2432 2434 6281 6280
2434 2436 6282 6281
2436 2438 6283 6282
2438 2440 6284 6283
2440 2442 6285 6284
2442 2444 6286 6285
2423 6217 2290 6243
2290 6243 2423 6217
2473 2323 6219 6247
6219 6247 2473 2323
2475 2325 6220 6248
6220 6248 2475 2325
2477 2327 6221 6249
6221 6249 2477 2327
6247 2500 6250 2473
6250 2473 6247 2500
6248 2502 6251 2475
6251 2475 6248 2502
6249 2504 6252 2477
6252 2477 6249 2504
6277 6244 2424 2426
6278 6277 2426 2428
6279 6278 2428 2430
6280 6279 2430 2432
6281 6280 2432 2434
6282 6281 2434 2436
6283 6282 2436 2438
6284 6283 2438 2440
6285 6284 2440 2442
6286 6285 2442 2444
2444 2598 6287 6286
6287 6286 2444 2598
2621 6250 2500 6290
2500 6290 2621 6250
2623 6251 2502 6291
2502 6291 2623 6251
2625 6252 2504 6292
2504 6292 2625 6252
2598 2719 6322 6287
6322 6287 2598 2719
2742 2621 6290 6325
6290 6325 2742 2621
2744 2623 6291 6326
6291 6326 2744 2623
2746 2625 6292 6327
6292 6327 2746 2625
2719 2840 6353 6322
6353 6322 2719 2840
2863 2742 6325 6356
6325 6356 2863 2742
2865 2744 6326 6357
6326 6357 2865 2744
2867 2746 6327 6358
6327 6358 2867 2746
2840 2962 6386 6353
6386 6353 2840 2962
2989 6386 2962 6388
2962 6388 2989 6386
3032 6390 3029 6391
3029 6391 3032 6390
3036 6392 3033 6393
3033 6393 3036 6392
3040 6394 3037 6395
3037 6395 3040 6394
6356 3029 6390 2863
6390 2863 6356 3029
6357 3033 6392 2865
6392 2865 6357 3033
6358 3037 6394 2867
6394 2867 6358 3037
6388 3142 6421 2989
6421 2989 6388 3142
3165 3032 6391 6423
6391 6423 3165 3032
3167 3036 6393 6424
6393 6424 3167 3036
3169 3040 6395 6425
6395 6425 3169 3040
3142 3291 6458 6421
6458 6421 3142 3291
3314 3165 6423 6459
6423 6459 3314 3165
3316 3167 6424 6460
6424 6460 3316 3167
3318 3169 6425 6461
6425 6461 3318 3169
3319 3318 6461 6496
3321 3319 6496 6498
3441 6458 3291 6485
3291 6485 3441 6458
3514 6491 3511 6492
3511 6492 3514 6491
3518 6493 3515 6494
3515 6494 3518 6493
6459 3511 6491 3314
6491 3314 6459 3511
6460 3515 6493 3316
6493 3316 6460 3515
6461 6496 3319 3318
6496 6498 3321 3319
6498 3525 6500 3321
6500 3321 6498 3525
6544 3441 6485 3619
3722 6549 3719 6550
3719 6550 3722 6549
3726 6551 3723 6552
3723 6552 3726 6551
6492 3719 6549 3514
6549 3514 6492 3719
6494 3723 6551 3518
6551 3518 6494 3723
3525 3771 6558 6500
3783 6558 3771 6604
6558 6500 3525 3771
3619 3823 6584 6544
6584 6544 3619 3823
3932 6595 3929 6596
3929 6596 3932 6595
3933 3935 6598 6597
6550 3929 6595 3722
6595 3722 6550 3929
6552 3933 6597 3726
6597 3726 6552 3933
6598 6597 3933 3935
3973 3783 6604 6605
6604 6605 3973 3783
3771 6604 3783 6558
3823 4013 6650 6584
6650 6584 3823 4013
4143 6665 4140 6666
4140 6666 4143 6665
6596 4140 6665 3932
6665 3932 6596 4140
6670 6598 3935 4146
4201 4202 6676 6677
6676 6677 4201 4202
4202 3973 6605 6676
6605 6676 4202 3973
6714 6650 4013 4241
4484 4485 6763 6762
6666 4484 6762 4143
6762 4143 6666 4484
6763 6762 4484 4485
4146 4489 6765 6670
6765 6670 4146 4489
4528 4530 6859 6858
4540 4541 6768 6769
4530 4540 6769 6859
6768 6769 4540 4541
4541 4201 6677 6768
6677 6768 4541 4201
6777 6714 4241 4555
6799 6777 4555 4581
4614 4613 6886 6885
4485 4737 6844 6763
6844 6763 4485 4737
4762 4763 6845 6846
4765 6845 4763 6847
6845 6846 4762 4763
4767 4765 6847 6848
4769 4767 6848 6849
4771 4769 6849 6850
4773 4771 6850 6851
4775 4773 6851 6852
4489 4781 6855 6765
4763 6847 4765 6845
6847 6848 4767 4765
6848 6849 4769 4767
6849 6850 4771 4769
6850 6851 4773 4771
6851 6852 4775 4773
4800 4775 6852 6853
6852 6853 4800 4775
6855 6765 4489 4781
6853 4528 6858 4800
6858 4800 6853 4528
6859 6858 4528 4530
6769 6859 4530 4540
6864 6799 4581 4826
4836 4835 6975 6871
6871 6864 4826 4836
6887 6886 4613 4854
6885 4856 6889 4614
4835 4857 6978 6975
6907 6887 4854 4872
6923 6907 4872 4886
4737 4901 6927 6844
6927 6844 4737 4901
4916 4917 6932 6934
4940 4941 6943 6944
6943 6944 4940 4941
6948 6950 4921 4919
4954 4921 6950 6952
6950 6952 4954 4921
4964 6943 4941 6960
4941 6960 4964 6943
6952 4762 6846 4954
6846 4954 6952 4762
4975 4976 6972 6973
4781 4975 6973 6855
6972 6973 4975 4976
6973 6855 4781 4975
6975 6871 4836 4835
4856 6978 4857 6889
6978 6975 4835 4857
7006 6923 4886 5027
5047 7006 5027 5047
7038 5062 7040 5044
7039 7038 5044 5060
5044 5060 7039 7038
7040 5044 7038 5062
5063 7040 5062 7152
5074 7039 5060 5074
5086 5087 7055 7056
5100 5097 5097 7075
7055 7056 5086 5087
5122 5123 7070 5122
7070 5122 5122 5123
5124 5125 7071 7072
7071 7072 5124 5125
5097 7075 5100 5097
4901 5101 7076 6927
7076 6927 4901 5101
5139 5138 7080 7108
5140 5139 7108 7112
5152 7073 5126 7096
6934 5140 7112 4916
7096 4940 6944 5152
6944 5152 7096 4940
5174 4964 6960 7136
6960 7136 5174 4964
5183 5176 7138 7140
7138 7140 5183 5176
4976 5183 7140 6972
7140 6972 4976 5183
5062 7152 5063 7040
5211 5063 7152 7154
7152 7154 5211 5063
7155 7156 5067 5212
5225 5067 7156 7166
7156 7166 5225 5067
5240 5225 7166 7175
7166 7175 5240 5225
5235 7179 5088 7182
5251 5100 7075 7203
5252 5240 7175 7188
7175 7188 5252 5240
7188 5251 7203 7204
5101 5254 7206 7076
7075 7203 5251 5100
7203 7204 7188 5251
7204 7205 5253 5252
7205 7206 5254 5253
7206 7076 5101 5254
7060 5086 7056 5479
7290 7060 5479 5106
5138 7290 5106 7080
7183 7172 5222 5519
5478 5071 5071 7288
1055 1054 6040 6037
1029 1055 6037 6034
6485 3619 6544 3441
3935 4146 6670 6598
4013 4241 6714 6650
4241 4555 6777 6714
4555 4581 6799 6777
4581 4826 6864 6799
4613 4854 6887 6886
4826 4836 6871 6864
4854 4872 6907 6887
6886 6885 4614 4613
6889 4614 6885 4856
4857 6889 4856 6978
4872 4886 6923 6907
4886 5027 7006 6923
6932 6934 4916 4917
4919 6932 4917 6948
4921 4919 6948 6950
4917 6948 4919 6932
5027 5047 5047 7006
5087 5088 7179 7055
7056 5479 7060 5086
5123 5124 7072 7070
5125 5126 7073 7071
7072 7070 5123 5124
7073 7071 5125 5126
5479 5106 7290 7060
5126 7096 5152 7073
5106 7080 5138 7290
7108 7112 5140 5139
7080 7108 5139 5138
7112 4916 6934 5140
5176 5174 7136 7138
7136 7138 5176 5174
7288 5222 7172 5478
5071 7288 5478 5071
5222 5519 7183 7172
5519 5235 7182 7183
7172 5478 7288 5222
7179 7055 5087 5088
7182 7183 5519 5235
5088 7182 5235 7179
5253 5252 7204 7205
5254 5253 7205 7206
7154 7155 5212 5211
5060 5074 5074 7039
7608 7868 7802 7869
7617 7870 7612 7874
7612 7874 7617 7870
7622 7617 7874 7876
7876 7627 7878 7622
7878 7622 7876 7627
7632 7878 7627 7883
7887 7632 7883 7636
7891 7887 7636 7641
7903 7891 7641 7659
7908 7903 7659 7665
7924 7908 7665 7675
7932 7924 7675 7689
7946 7945 7686 7700
7963 7946 7700 7703
7955 7932 7689 7705
7705 7717 7969 7955
7969 7955 7705 7717
7729 7969 7717 7991
7994 7729 7991 7737
7739 7994 7737 7995
7741 7726 7981 7998
8017 7763 8020 7759
7995 8017 7759 7739
8020 7759 8017 7763
7763 7741 7998 8020
7998 8020 7763 7741
7808 7654 7654 8079
7868 8065 7800 7802
7802 7869 7608 7868
8065 7786 8048 7800
8084 8080 7655 7812
7914 8084 7812 7663
7785 8048 7786 7866
7869 7612 7870 7608
7870 7608 7869 7612
7874 7876 7622 7617
7883 7636 7887 7632
7627 7883 7632 7878
7636 7641 7891 7887
8079 7655 8080 7808
7654 8079 7808 7654
7659 7665 7908 7903
7641 7659 7903 7891
7812 7663 7914 8084
7674 7913 7671 7919
7919 7686 7945 7674
7671 7919 7674 7913
7663 7671 7913 7914
7675 7689 7932 7924
7665 7675 7924 7908
7686 7700 7946 7945
7945 7674 7919 7686
7978 7963 7703 7714
7700 7703 7963 7946
7726 7978 7714 7981
7703 7714 7978 7963
7714 7981 7726 7978
7991 7737 7994 7729
7717 7991 7729 7969
7981 7998 7741 7726
7759 7739 7995 8017
7800 7802 7868 8065
8048 7800 8065 7786
7786 7866 7785 8048
8080 7808 8079 7655
7913 7914 7663 7671
7655 7812 8084 8080
5473 5740 5474 5738
5740 7597 8302 5474
7597 2967 5602 8302
2967 5611 3120 5602
5611 3269 5612 3120
3269 3419 5617 5612
3419 3446 5619 5617
3446 3626 5625 5619
3626 3627 5627 5625
3627 3654 5628 5627
3654 3836 5632 5628
3836 3837 5634 5632
3837 3864 5635 5634
3864 4047 5643 5635
4047 4048 5645 5643
4048 4075 5646 5645
4075 4076 5659 5646
4076 4279 5660 5659
4279 4308 5662 5660
4308 4337 5664 5662
4337 4338 5672 5664
4338 4365 5673 5672
4365 5674 4366 5673
5674 5675 4367 4366
5675 5676 4368 4367
5676 5677 4369 4368
5677 5665 4343 4369
5665 5666 4344 4343
5666 5667 4345 4344
5667 5668 4346 4345
5668 5669 4347 4346
5669 5670 4348 4347
5670 4349 5678 4348
4349 4621 5690 5678
4621 4889 5700 5690
4889 5033 5706 5700
5033 5717 5201 5706
5717 5716 5200 5201
5716 5715 5199 5200
5715 5719 5198 5199
5719 7534 8290 5198
7534 5709 5068 8290
5709 5066 5713 5068
5066 5065 5708 5713
5065 5064 5718 5708
5064 5705 5046 5718
5705 5704 5045 5046
5704 5702 5025 5045
5702 5699 4883 5025
5699 5697 4868 4883
5697 5695 4849 4868
5695 5688 4607 4849
5688 5686 4591 4607
5686 5683 4569 4591
5683 5657 4251 4569
5657 5656 4250 4251
5656 5655 4226 4250
5655 5654 4225 4226
5654 5653 4224 4225
5653 5652 4223 4224
5652 5651 4222 4223
5651 5650 4221 4222
5650 5739 5476 4221
5739 8309 7600 5476
5641 8471 8728 7862
8471 5639 3990 8728
8472 5641 5741 9002
8309 8472 9002 7600
5639 5640 3988 3990
5640 7413 8283 3988
7413 5638 3979 8283
5638 7412 8282 3979
7412 5630 3795 8282
5630 5622 3565 3795
5622 7400 8280 3565
7400 5623 3563 8280
5623 5615 3383 3563
5615 5614 3377 3383
5614 5609 3210 3377
5609 5605 3080 3210
5605 5606 3081 3080
5606 5598 2916 3081
5598 5595 2816 2916
5595 8301 7592 2816
8516 5596 5737 8686
8301 8516 8686 7592
5596 8515 8310 5600
8515 8278 7393 8310
8278 5593 2698 7393
5593 5591 2578 2698
5591 5588 2406 2578
5588 5585 2280 2406
5585 5586 2282 2280
5586 5583 2136 2282
5583 5580 1934 2136
5580 5577 1728 1934
5577 8277 7385 1728
8277 7386 8276 7385
7386 5574 1522 8276
5574 8275 7383 1522
8275 7384 8274 7383
7384 5570 1310 8274
5570 5569 1312 1310
5569 1313 5571 1312
1313 5562  976 5571
5562  977 5563  976
 977 7381 8273 5563
7381 1028 5564 8273
1028 5556  668 5564
5556 5555  670 6039
5555  671 5557  670
 671 7378 8272 5557
7378  722 5558 8272
 722  748 5559 5558
 748  774 5560 5559
 774  800 5561 5560
 800 1080 5565 5561
1080 1106 5566 5565
1106 1132 5567 5566
1132 1158 5568 5567
1158 1364 5572 5568
1364 1390 5573 5572
1390 1576 5575 5573
1576 1602 5576 5575
1602 1782 5578 5576
1782 1808 5579 5578
1808 1986 5581 5579
1986 2012 5582 5581
2012 2162 5584 5582
2162 2308 5587 5584
2308 2458 5589 5587
2458 2484 5590 5589
2484 2604 5592 5590
2604 2724 5594 5592
2724 2844 5597 5594
2844 2994 5604 5597
2994 2993 5603 5604
2993 3144 5608 5603
3144 3292 5613 5608
3292 5620 3468 5613
5620 3469 5621 3468
3469 3676 5629 5621
3676 7411 8281 5629
7411 3884 5637 8281
3884 3883 5636 5637
3883 5647 4091 5636
5647 4092 5648 4091
4092 5682 4458 5648
5682 5681 4430 4458
5681 4378 5680 4430
4378 4377 5679 5680
4377 5693 4706 5679
5693 5692 4678 4706
5692 5691 4650 4678
5691 5689 4622 4650
5689 5671 4350 4622
5671 5663 4322 4350
5663 5661 4294 4322
5661 5658 4266 4294
5658 5644 4065 4266
5644 5642 4037 4065
5642 5633 3856 4037
5633 5631 3828 3856
5631 5626 3648 3828
5626 5624 3620 3648
5624 5618 3442 3620
5618 5616 3414 3442
5616 5610 3266 3414
5610 5607 3118 3266
5607 5601 2966 3118
5601 5599 2938 2966
5599 8279 7598 2938
5737 8686 8516 5596
8686 7592 8301 8516
8687 5737 2818 9167
8279 8687 9167 7598
7592 2816 5595 8301
2816 2916 5598 5595
2916 3081 5606 5598
3081 3080 5605 5606
3080 3210 5609 5605
3210 3377 5614 5609
3377 3383 5615 5614
3383 3563 5623 5615
3563 8280 7400 5623
8280 3565 5622 7400
3565 3795 5630 5622
3795 8282 7412 5630
8282 3979 5638 7412
3979 8283 7413 5638
8283 3988 5640 7413
3988 3990 5639 5640
8728 7862 5641 8471
3990 8728 8471 5639
7653 8830 8955 5710
8830 7503 8306 8955
7503 8307 7497 8306
8307 5072 5711 7497
5072 8292 7498 5711
8292 5073 5712 7498
5073 7504 8293 5712
7504 5714 5082 8293
5714 5721 5083 5082
5721 5237 5720 5083
5237 5299 5722 5720
5299 5334 5724 5722
5334 5329 5723 5724
5329 5370 5727 5723
5370 7589 8300 5727
7589 5369 5726 8300
5369 7601 8299 5726
8869 5728 5368 8913
7601 8869 8913 8299
5728 8868 9443 7850
8868 8308 8193 9443
8308 5374 7851 8193
5374 5382 7852 7851
5382 5411 7854 7852
5411 5439 7856 7854
5439 5458 7860 7856
5458 5736 7772 7860
5736 5735 7762 7772
5735 5733 7758 7762
5733 5734 7757 7758
5734 5732 7750 7757
5732 5731 7736 7750
5731 5730 7724 7736
5730 5729 7712 7724
5729 5725 7697 7712
5725 5348 7847 7697
5348 5361 7848 7847
5361 7585 8298 7848
8914 5368 7864 9390
7585 8914 9390 8298
5368 8913 8869 5728
8913 8299 7601 8869
8299 5726 5369 7601
5726 8300 7589 5369
8300 5727 5370 7589
5727 5723 5329 5370
5723 5724 5334 5329
5724 5722 5299 5334
5722 5720 5237 5299
5720 5083 5721 5237
5083 5082 5714 5721
5082 8293 7504 5714
8293 5712 5073 7504
5712 7498 8292 5073
7498 5711 5072 8292
5711 7497 8307 5072
7497 8306 7503 8307
8955 5710 7653 8830
8306 8955 8830 7503
5710 8954 9358 7861
8954 5707 7647 9358
5707 5703 7640 7647
5703 5701 7635 7640
5701 5698 7630 7635
5698 5696 7625 7630
5696 5694 7620 7625
5694 5687 7615 7620
5687 5685 7611 7615
5685 5684 7610 7611
5684 4562 7824 7610
4562 4244 7822 7824
4244 5649 7604 7822
5649 7419 8304 8046
7419 8303 8240 8304
5741 9002 8472 5641
9002 7600 8309 8472
9003 5741 7862 9618
8303 9003 9618 8240
7600 5476 5739 8309
5476 4221 5650 5739
4221 4222 5651 5650
4222 4223 5652 5651
4223 4224 5653 5652
4224 4225 5654 5653
4225 4226 5655 5654
4226 4250 5656 5655
4250 4251 5657 5656
4251 4569 5683 5657
4569 4591 5686 5683
4591 4607 5688 5686
4607 4849 5695 5688
4849 4868 5697 5695
4868 4883 5699 5697
4883 5025 5702 5699
5025 5045 5704 5702
5045 5046 5705 5704
5046 5718 5064 5705
5212 5211 7154 7155
5718 5708 5065 5064
5067 5212 7155 7156
5708 5713 5066 5065
5713 5068 5709 5066
5068 8290 7534 5709
8290 5198 5719 7534
5198 5199 5715 5719
5199 5200 5716 5715
5200 5201 5717 5716
5201 5706 5033 5717
5706 5700 4889 5033
5700 5690 4621 4889
5690 5678 4349 4621
5678 4348 5670 4349
4348 4347 5669 5670
4347 4346 5668 5669
4346 4345 5667 5668
4345 4344 5666 5667
4344 4343 5665 5666
4343 4369 5677 5665
4369 4368 5676 5677
4368 4367 5675 5676
4367 4366 5674 5675
4366 5673 4365 5674
5673 5672 4338 4365
5672 5664 4337 4338
5664 5662 4308 4337
5662 5660 4279 4308
5660 5659 4076 4279
5659 5646 4075 4076
5646 5645 4048 4075
5645 5643 4047 4048
5643 5635 3864 4047
5635 5634 3837 3864
5634 5632 3836 3837
5632 5628 3654 3836
5628 5627 3627 3654
5627 5625 3626 3627
5625 5619 3446 3626
5619 5617 3419 3446
5617 5612 3269 3419
5612 3120 5611 3269
3120 5602 2967 5611
5602 8302 7597 2967
8302 5474 5740 7597
5474 5738 5473 5740
2818 9167 8687 5737
9167 7598 8279 8687
9168 2818 5600 9357
5738 9168 9357 5473
7598 2938 5599 8279
2938 2966 5601 5599
2966 3118 5607 5601
3118 3266 5610 5607
3266 3414 5616 5610
3414 3442 5618 5616
3442 3620 5624 5618
3620 3648 5626 5624
3648 3828 5631 5626
3828 3856 5633 5631
3856 4037 5642 5633
4037 4065 5644 5642
4065 4266 5658 5644
4266 4294 5661 5658
4294 4322 5663 5661
4322 4350 5671 5663
4350 4622 5689 5671
4622 4650 5691 5689
4650 4678 5692 5691
4678 4706 5693 5692
4706 5679 4377 5693
5679 5680 4378 4377
5680 4430 5681 4378
4430 4458 5682 5681
4458 5648 4092 5682
5648 4091 5647 4092
4091 5636 3883 5647
5636 5637 3884 3883
5637 8281 7411 3884
8281 5629 3676 7411
5629 5621 3469 3676
5621 3468 5620 3469
3468 5613 3292 5620
5613 5608 3144 3292
5608 5603 2993 3144
5603 5604 2994 2993
5604 5597 2844 2994
5597 5594 2724 2844
5594 5592 2604 2724
5592 5590 2484 2604
5590 5589 2458 2484
5589 5587 2308 2458
5587 5584 2162 2308
5584 5582 2012 2162
5582 5581 1986 2012
5581 5579 1808 1986
5579 5578 1782 1808
5578 5576 1602 1782
5576 5575 1576 1602
5575 5573 1390 1576
5573 5572 1364 1390
5572 5568 1158 1364
5568 5567 1132 1158
5567 5566 1106 1132
5566 5565 1080 1106
5565 5561  800 1080
5561 5560  774  800
5560 5559  748  774
5559 5558  722  748
5558 8272 7378  722
8272 5557  671 7378
 672  673 5984 5985
5557  670 5555  671
6038  672 5985 6040
9310 6038 1054 9311
 670 6039 5556 5555
6039 9310 9311  668
9311  668 6039 9310
1054 9311 9310 6038
 668 5564 1028 5556
5564 8273 7381 1028
8273 5563  977 7381
 979 1029 6034 6032
5563  976 5562  977
 976 5571 1313 5562
5571 1312 5569 1313
1312 1310 5570 5569
1310 8274 7384 5570
8274 7383 8275 7384
7383 1522 5574 8275
1522 8276 7386 5574
8276 7385 8277 7386
7385 1728 5577 8277
1728 1934 5580 5577
1934 2136 5583 5580
2136 2282 5586 5583
2282 2280 5585 5586
2280 2406 5588 5585
2406 2578 5591 5588
2578 2698 5593 5591
2698 7393 8278 5593
7393 8310 8515 8278
8310 5600 5596 8515
5600 9357 9168 2818
9357 5473 5738 9168
9358 7861 5710 8954
8291 7835 7652 8127
7835 7834 7651 7652
7834 7833 7650 7651
7833 7832 7648 7650
7832 7839 7649 7648
7839 7842 7662 7649
7842 7668 7841 7662
7668 7681 7844 7841
7681 7682 7845 7844
7682 8182 8296 7845
8182 8185 8295 8296
8185 8186 8294 8295
8186 7698 7849 8294
7698 8189 8297 7849
9391 7864 7850 9442
8189 9391 9442 8297
7864 9390 8914 5368
9390 8298 7585 8914
8298 7848 5361 7585
7848 7847 5348 5361
7847 7697 5725 5348
7697 7712 5729 5725
7712 7724 5730 5729
7724 7736 5731 5730
7736 7750 5732 5731
7750 7757 5734 5732
7757 7758 5733 5734
7758 7762 5735 5733
7762 7772 5736 5735
7772 7860 5458 5736
7860 7856 5439 5458
7856 7854 5411 5439
7854 7852 5382 5411
7852 7851 5374 5382
7851 8193 8308 5374
9443 7850 5728 8868
8193 9443 8868 8308
7850 9442 9391 7864
9442 8297 8189 9391
8297 7849 7698 8189
7849 8294 8186 7698
8294 8295 8185 8186
8295 8296 8182 8185
8296 7845 7682 8182
7845 7844 7681 7682
7844 7841 7668 7681
7841 7662 7842 7668
7662 7649 7839 7842
7649 7648 7832 7839
7648 7650 7833 7832
7650 7651 7834 7833
7651 7652 7835 7834
7652 8127 8291 7835
9489 7653 7861 9659
8127 9489 9659 8291
7737 7995 7739 7994
7689 7705 7955 7932
7862 9618 9003 5741
9618 8240 8303 9003
8240 8304 7419 8303
8304 8046 5649 7419
8046 9626 9627 7604
9626 7785 7866 9627
9627 7604 8046 9626
7866 9627 9626 7785
7604 7822 4244 5649
7822 7824 4562 4244
7824 7610 5684 4562
7610 7611 5685 5684
7611 7615 5687 5685
7615 7620 5694 5687
7620 7625 5696 5694
7625 7630 5698 5696
7630 7635 5701 5698
7635 7640 5703 5701
7640 7647 5707 5703
7647 9358 8954 5707
7861 9659 9489 7653
9659 8291 8127 9489
