2240
   41    42  9123  9121
   68    69 10064    68
   76    74 12285    76
 9123  9121    41    42
  124   123  9133  9132
 9133  9132   124   123
  125   126  9456  9455
  136  9137   138 14107
  140   125  9455  9417
 9138   146  9141   137
 9141   137  9138   146
  152   151  9440  9441
  156   157  9458  9459
   14  9148    13    14
 9148   175  9153    13
 9153    13  9148   175
  199   200  9585   199
  203   205  9160  9560
 9161   221  9162   208
 9162   208  9161   221
  227   194  9611  9166
  228   227  9166  9165
 9165   229  9609   228
  229   231 11009  9609
  234   235  9641  9639
  249   250 10631 11288
  269   270  9175  9174
  270   272  9717  9175
 9174   273  9732   269
 9175  9174   269   270
  304   305  9782  9796
  357  9229   359  9230
 9247    41  9121   308
  402  9256  9852  9850
  309   400  9255  9258
  408   406  9855  9893
  440   438 10611 10610
  443   444 11850   443
  449   450  9270   449
  450   172  9273  9270
 9270   449   449   450
  458   459  9274  9272
  172   458  9272  9273
 9272  9273   172   458
  460  9274 14372 14370
  540   542   542  9297
  524   540  9297  9954
  554   552 11971 11988
  556   557  9317  9323
20883   559 14436 14438
   71   577   577  9311
 9323   582 10068   556
  630   631 10124 14645
  650   651  9338  9340
  671   672 12525 12526
  692   689 10322  9394
  693   694  9352  9357
  694   696 12570  9352
  697   693  9354  9360
  737   738  9389  9388
  742   753  9382  9381
 9382  9381   742   753
  753   757 12552  9382
 9381   763  9385   742
 9385   742  9381   763
 9389  9388   737   738
  786   787 12433 12434
  794   795 12664 12663
  795   793 16563 16562
  796   692  9394  9393
  806  9398   804 12568
 9399   804  9398   807
  824   823 10415 10479
  825   826 12720 12773
  831   829 12928 10487
  835   833  9409  9412
  850  9017 17787  9416
 9416  9407   141  9419
 9419   140  9417   850
 9421   851  9423   152
 9423   152  9421   851
 9427  9423   851 17787
  854   855 10180 10181
  866   864 12852 12897
  891   890  9444  9439
 9440  9441   152   151
 9439  9421  9441   891
  890   835  9412  9444
  893  9440   151 10573
  896   897 10176 10179
  897   650  9340 10176
  157   905  9457  9458
  906  9456   126 10190
 9457  9458   157   905
  444   937 11849 11850
  175   949  9518  9153
 9518  9153   175   949
  951  9519   949 14390
   10  9518  9519    10
  965   963  9522  9582
  966  9522   963   966
  963   966   966  9522
  972   971  9584  9587
 1013  1014 16684 16685
 9160  9560   203   205
 9561  1098  9574  9575
 9562  9563   211   212
 9563  9561  1094   211
 9571  9569  1097  1105
 1106  9571  1105  9573
 9573  9574  1098  1106
 1110  1107 10642 10643
 1116  1115 10914 10916
 1115  1117 10915 10914
 9582  9584   971   965
 9585   199   199   200
  200  1126  9586  9585
 9586  9585   200  1126
 9587  9586  1126 10928
 9584  9587   972   971
 1132  9588   224  9590
  208  1132  9590  9161
 9590  9161   208  1132
 1139  9593  1137 10998
 1145  1146  9598  9597
 9597  1148  9601  1145
 9598  9597  1145  1146
 1146  9162   221  9598
 9601  1145  9597  1148
 9609   228  9165   229
 1178  9611  9615  9612
 9612  9613  1081  1178
 9615  9612  1178  9611
 1182  1183 13340  9616
  194  1182  9616  9615
 9616  9615   194  1182
 1194  1192 11050  9621
 1084  1214 10823  1084
 1222  1223 11011 11012
 1223  1225 13390 11011
 9645  9644   217   218
 1258  1257 11130 11131
 9665  1306  9667  1303
 9667  1303  9665  1306
 1306  1307 10362  9667
 1303   249 11288  9665
 1313  1311  9669  9670
 9669  9670  1313  1311
  256  9671  1314 15895
 1351  1349  9689  9690
 9689  9690  1351  1349
 9691  9689  1349  1328
 1353  1354  9696  1353
 1357  9696  1354  9697
 1354  9697  1357  9696
 1360  1361  9703  9723
 1364  9700  1361  9701
 9700  1363  9702  9703
 1361  9701  1364  9700
 9702  9703  9700  1363
  273  9704  1365  9732
 1363  1370 11531  9702
 1370  1372 11415 11531
 1387  9717   272  9718
 9717  9175   270   272
 9718  1389 11404  1387
  272  9718  1387  9717
 9723  1398 11464  1360
 1365  9732   273  9704
 1410  1411 11538 11520
 1429  1426 11397 11400
 1431  1432 15957 15960
   74  1435 11555 12285
 9783  9781   296  1480
 9787  9788  1484  1483
 1483   430   430  9787
 9794  9795  1486  1487
 1492  1493  9801  9799
 9796  1492  9799   304
 9799   304  9796  1492
 1495  1494  9804  9803
 9804  9803  1495  1494
 1527  1524  9825  9827
 1528  1527  9827  9831
 9831  1535 11890  1528
 9827  9831  1528  1527
 9850  9851  1557   402
 9852  9850   402  9256
 9235   357  9230   351
 1577  1578 10380 10381
 1638   771  9871 10317
  394  1641 10315  9878
 1641  1638 10317 10315
 9877  1644 10386   395
 9878  9877   395   394
 1644  1646 10385 10386
 1652  1653  9881 11755
 1653   370  9880  9881
  371  9891  1575  9863
 9891   408  9893  1575
 9893  1575  9891   408
 1729   135  9912  1729
 1741  1739  9942  9939
 9936  1741  9939   462
 9954  1759 10032   524
 1759  1762  9956 10032
 1762  9824   530  9956
 1794  1795 10011 10010
 1826  1825 11894 11892
 1843  1844 10012 10013
10011 10010  1794  1795
10012 10013  1843  1844
10013  1794 10010  1843
  878 10045 18452   878
10064    68    68    69
10070 10068   582  1909
  582  1909 10070 10068
 1910  1906 14442 10072
 1909  1910 10072 10070
10072 10070  1909  1910
10096  1939 12073  1942
 1802 10096  1942 10097
 1942 10097  1802 10096
10133  2066 10134  2091
  631  2097 10135 10124
 2097 10134  2066 10135
10135 10124   631  2097
 2131  2132 10705 12167
 2091  2130 10151 10133
10151 10133  2091  2130
10156  9345 17984  2136
10179 10180   855   896
10190  2151 10192 10191
10191  9457   905   906
10192 10191 10190  2151
10197  9133   123  2153
10200  9338   651  2154
 2153 10200  2154 10197
 2154 10197  2153 10200
 2201  2199 10235 14075
10234 10235  2199  2200
 2202 10234  2200 10238
 2200 10238  2202 10234
 2208  2209 10240 10239
10239  2206 12336  2208
10240 10239  2208  2209
19771  2212 12267 12269
 2216  2215 12342 12343
 2217  2218 12350 12348
 2229  2230 10456 10458
 2231 10256  2228 10268
 2236 10266  2235 10269
10268  2235 10266  2231
 2235 10269  2236 10266
 2238  2239 11569 10275
 2259  2260 10300 10297
 2275  2276 10298 10299
10297 10298  2276  2259
10298 10299  2275  2276
10300 10297  2259  2260
 2294  2293 11237 12455
 2295  2294 12455 12457
10315  9878   394  1641
 9871 10317  1638   771
10317 10315  1641  1638
10318  2332 10319   681
10319   681 10318  2332
  689 10321  2338 10322
 2338 10322   689 10321
 1646  2341 12674 10385
 2341  2338 10321 12674
10322  9394   692   689
 2354 10328  2288 12599
 2445  2443 10372 10373
10353  2468 10355  2452
10354 10353  2452  2456
10355  2452 10353  2468
 2482 10362  1307 10365
 1307 10365  2482 10362
10372 10373  2445  2443
  800  2502 14208 14209
10380 10381  1577  1578
 1578  2506 12660 10380
 2510  2511 16517 12659
 2506  2510 12659 12660
10385 10386  1644  1646
10386   395  9877  1644
 2550 10387   811 15031
 2617  2616 17232 10417
10417 10415   823  2617
 2622  2623 12470 12826
  793  2639 10426 16563
10428 10425  2640  2638
10440 10436  2653   666
 2653   666 10440 10436
10444 10445  2659  2660
10445  2654 10434  2659
10452 10453 18716  2663
 2682  2683 10477 10481
10477 10481  2682  2683
 2690  2688 10483 10495
 2692 10483  2688 10509
 2693   831 10487 10486
  832 10485 10509 10503
10485  2693 10486  2692
10486  2692 10485  2693
10483 10495  2690  2688
10495  2712 10502  2690
10502  2690 10495  2712
10509 10503   832 10485
  903  2728 10525 10526
 9459 10525  2728   156
 2747  2750 12886 14352
 1883  2747 14352 14353
 2756  2754 10559 10558
10560 10559  2754 12904
10561  2756 10558   882
10562 10561   882  2760
10567 10562  2760  2761
 2781  2782 12898 12900
 2782   866 12897 12898
 2784   893 10573 10574
10611 10610   440   438
10610  9942  1739   440
  937 10611   438 11849
 2831  2832 10633 10632
10633 10632  2831  2832
  250 10633  2832 10631
10639  2831 10632  2837
10640 10639  2837   958
 2866 10651   978  2866
  977  2868 10652 10653
10652 10653   977  2868
 2871 10652  2868 10902
10654  2873 10658  2865
10658  2865 10654  2873
 2873   978 10651 10658
10651 10658  2873   978
 2900  2901 10676 13138
10675 10676  2901  1029
 2902  2905 10678  2902
10678  2902  2902  2905
 2934  2931 10694 10692
10693 10694  2931  2928
 2931  2928 10693 10694
 2938 10698  1010 10703
 1011  2938 10703 10701
10708  1011 10701  2939
 2939 10709  2095 10708
10709 10705  2132  2095
 2943 10711  2930 13048
 2951  2952 10717 13051
 2948 10719  2953 10723
 2976  2975 16679 16681
10746  2982  2982  2981
 2986  2985 10750 13684
10754 10755  1080  1081
10768 10767  3009  2951
 3017 10777  1070 10780
 3020  3017 10780 10783
 3024  3025 13226 13227
 1131  3024 13227  9591
10822 10823  1214  3062
10755  3065 10830  1080
10830  1080 10755  3065
10777 10885  1066  1070
10643  3119 10894  1110
10894  1110 10643  3119
10899  1094  9575  1112
 2865  3124 10901 10654
10901 10654  2865  3124
 2868 10902  2871 10652
 3129  3128 10908 10904
 3128 10642  1107 10908
 3124  3129 10904 10901
10904 10901  3124  3129
10908 10904  3129  3128
 1107 10908  3128 10642
 3139  3138 10936 10932
10915 10914  1115  1117
10914 10916  1116  1115
10916  9601  1148  1116
 1117  3143 10921 10915
 3144  3139 10932 10920
10920 10921  3143  3144
10921 10915  1117  3143
 3156 10929  3155 10933
10929   972 10928  3155
 3155 10933  3156 10929
10935  3156 10933  3158
10936 10932  3139  3138
 9569  3171 10959  1097
10959  1097  9569  3171
10902 10959  3171  2871
 3171  2871 10902 10959
 3025 10981  3174 13226
 3197  3198 10987 10986
10986  3174 10981  3197
10987 10986  3197  3198
 3198 10989  1138 10987
10998  3202 10999  1139
10999  1139 10998  3202
 3201  3204 11033 11034
 3210  3211 11007 11006
11007 11006  3210  3211
 3211 11009   231 11007
11006  3212 11013  3210
11011 11012  1222  1223
 3212  1222 11012 11013
11033 11034  3201  3204
11034 10999  3202  3201
 1183 11033  3204 13340
 3234  3235 11043 13371
 3235   203  9560 11043
 3241 11050  1192 11054
 9644  3241 11054   217
11054   217  9644  3241
 1192 11054  3241 11050
 1225  9641   235 13390
11131  3306 11134  1258
11139 11134  3306  1343
 3316  3314 11270 11271
 3329  3328 21375 15473
 3352  3353 11229 15548
 3361  3363 11372 13530
11176 11173  1254  1255
 3391  3389 14954 14955
 3405  3403 15767 17565
11215  3447  3447  3439
 3447  3439 11215  3447
 3461  3464 13758  3461
 3471  3470 13756 13755
 3464  3471 13755 13758
 3488 11229  3353 11232
11232  3351 11258  3488
10308  3491 11236  2285
 3491  2292 11238 11236
11238 11236  3491  2292
 3492 11237  2293 11242
11256  3492 11242  3503
11258  3488 11232  3351
11288  9665  1303   249
 3576  3577 15856 13862
 3581  3579 11330  3581
 3592  3591 11338 11336
 3591  3588 15903 15898
11338 11336  3592  3591
11336 10640   958  3592
 3600  3598 11341 11342
11341 11342  3600  3598
11342  3603 13863  3600
 3611 11350  3608 11352
 3627  3619 13415 11367
11367  9691  1328  3627
 1328  3627 11367  9691
 3629  3630 11369 11368
11369 11368  3629  3630
 1255  3629 11368 11176
11368 11176  1255  3629
 3363 11369  3630 11372
 3630 11372  3363 11369
 3651  3648 15980  3651
 3660 11394  1426 11395
11394  3659 11396 11397
 1426 11395  3660 11394
 3661 11396  3659 11398
 3659 11398  3661 11396
 3667  3670 13893 13894
 3672 11404  1389 11428
11404  1387  9718  1389
 3694  3665 11409 11416
 3692  1429 11400 11408
 1372  3698 11414 11415
 3699 11414  3698 11417
11414 11415  1372  3698
 1432  3701 15956 15957
11416  3699 11417  3694
 3698 11417  3699 11414
11417  3694 11416  3699
 3721  3722 11441 15952
 3701 11441  3722 15956
11409 11416  3694  3665
11452  3735 11453  3733
11453  3733 11452  3735
 3748 11464  1398 11468
 3750  3748 11468 11469
 3773 11500  1393 11614
 3778 11505  3729 11509
13968  3729 11505  3779
11509  3727 13911  3778
11524  1410 11520  3790
11415 11531  1370  1372
11531  9702  1363  1370
11546 11547  3794  3804
 3794  3804 11546 11547
 3811 11555  1435 16007
 3819  3817 11562 11563
 3820 11562  3817 16033
11565  3822 16457  3823
11568 11565  3823  3834
 3838  3840 11574 11573
11574 11573  3838  3840
 3845 11574  3840 11580
11580  3858 11587  3845
 3862 11593 16012 13989
11593  1449  1449  1448
 3873  3872 13960 13962
 9788  9783  1480  1484
11715   353  9227  3962
 3962  3966 11719 11715
11719 11715  3962  3966
 3952 11719  3966  3952
 3966  3952  3952 11719
 3972  3973 11741 11742
 3973  9835   358 11741
11741 11742  3972  3973
11742   346 14132  3972
 4010  1577 10381 14172
 4012  4010 14172 11754
11754  1652 11755  4012
11755  4012 11754  1652
 4021 11759  4019 14191
  738  4086 11777  9389
11777  9389   738  4086
 9881 11755  1652  1653
11849 11850   444   937
11850   443   443   444
11890  1528  9831  1535
11893 11894  1825  1827
11894 11892  1826  1825
 1535  4262 11907 11890
 4288  4289 14311 11931
 4289  4292 14310 14311
 4295  1842 11943 11939
11939  4288 11931  4295
11943 11939  4295  1842
 9453 11971   552   553
 4317  4318 12019 11981
 4319  4320 11989 12008
11971 11988   554   552
 4344  4343 12030 12024
 4346  4344 12024 12025
12024 12025  4346  4344
12030 12024  4344  4343
10705 12167  2131  2132
 4569 12184  4565 12185
 4565 12185  4569 12184
 4570  4564 14562 14555
12185  4570 14555  4569
10134  2091 10133  2066
19770  4688 12270  2210
11555 12285    74  1435
12285    76    76    74
 4739  4736 17172 17159
11500  4749 12330  1393
12330  1393 11500  4749
 4754  4752 12338 12339
12335 12336  2206  2204
12338 12339  4754  4752
 4749 12338  4752 12330
 4758  4754 12339 12354
12336  2208 10239  2206
 2207  4758 12354 12355
 4760 12342  2215 12345
12345  4762 12349  4760
12354 12355  2207  4758
12339 12354  4758  4754
 4775 12370  2234 12379
12372  2234 12370  4774
12379  2233 12376  4775
 4781  3838 11573 12398
12396  4772 16341  4782
12405 12404  2237  4784
12343 12409  4783  2216
 4783  2216 12343 12409
12349  4760 12345  4762
12433 12434   786   787
12434  2445 10373   786
 2260 12433   787 10300
12438   743 12448  4808
  763 12438  4808  9385
12443  4814 12446   746
12446   746 12443  4814
 4814 12448   743 12446
 4819  4820 12711 12715
 4822  4823 12460 12462
 2292  4825 12453 11238
12453 11238  2292  4825
12457 12458  4823  2295
12458 12453  4825 12460
12460 12462  4822  4823
12473  4842 12475  4841
12475  4841 12473  4842
12462 12475  4842  4822
 2623 12473  4841 12470
 4849  4850 14870 12485
 4879  4880 12514 12515
12514 12515  4879  4880
 4894 12514  4880 12521
12521 12523 19943  4894
12523 12525  9349 19943
12525 12526   671   672
12526  4897 14894   671
12552  9382   753   757
10299  4924 12553  2275
12553  2275 10299  4924
 4925 12553  4924 16500
 4930  4931 14922 16350
 4936  4935 12559 12558
 9388 12559  4935   737
 4948  4947 12564 12563
12564 12563  4948  4947
 2332  4948 12563 10319
12563 10319  2332  4948
12570  9352   694   696
 4959  2354 12599 12600
 4960  4959 12600 12602
12585  4960 12602  3360
12602  3360 12585  4960
 2541  4986 14996 14997
12635 10354  2456  5023
12641  5029 12643  5028
12643  5028 12641  5029
 2468 12643  5029 10355
 5034 12650  5024 12653
10365  5034 12653  2482
12653  2482 10365  5034
 5024 12653  5034 12650
 2640  2638 10428 10425
12659 12660  2506  2510
12660 10380  1578  2506
 2511 12664 16562 16517
12664 12663   794   795
12674 10385  1646  2341
10321 12674  2341  2338
 5077  5076 12678 12677
12678 12677  5077  5076
 5079  5080 15027 12679
12679  5081 12680  5079
12680  5079 12679  5081
12681  9883   404  5083
12711 12715  4819  4820
  828  5143 12717 12718
 5143 12720   826 12717
12713  9353   682  5142
 5148   697  9360 12727
 5151   828 12718 12733
12733  5148 12727  5151
12727  5151 12733  5148
  696   806 12568 12570
 5175  4819 12715 17670
 5176  5175 17670 17671
 5186  5187 12795 12793
 5187  5188 12796 12795
12793 10452  2663  5186
12795 12793  5186  5187
12796 12795  5187  5188
12798 12799  2668  5191
12801  5192 12806   665
12806   665 12801  5192
 5192 10438   667 12806
12184  5195 12829  4565
 5198  5199 12832 12830
12470 12826  2622  2623
12828 12829  5195  5193
12829  4565 12184  5195
 5211  5212 14989 16522
12826  5211 16522  2622
 5212 12832 14988 14989
12832 12830  5198  5199
 5215  2784 10574 12837
10574 12837  5215  2784
12837  5217 12839  5215
12839  5215 12837  5217
 5217  5222 12845 12839
12845 12839  5217  5222
 5222 10502  2712 12845
 5227 12852   864 12853
12853 12855  5228  5227
 5231  9794  1487 12858
 1487 12858  5231  9794
12858 12859  5232  5231
12859  5228 12855  5232
12872   854 10181  5238
12885  5245 12887 12889
  146 12887  5245  9141
 5245  9141   146 12887
12887 12889 12885  5245
12889  5247 12890   830
  829 12894  2753 12928
 2750 12890  5247 12886
 5247 12886  2750 12890
12852 12897   866   864
12897 12898  2782   866
12900  5252 12903 12902
12898 12900  2781  2782
12903 12902 12900  5252
 2754 12904 10560 10559
12904 12903  5252   886
 5252   886 12904 12903
12907 12906  2762  5253
11892 12908  1824  1826
12911 12912  5257  5258
 4262 12911  5258 11907
 5258 11907  4262 12911
12916  5257 12912 10567
12906 12916  2761  2762
 5259  2781 12902 12918
 5076  5259 12919 12678
12918 12680  5081 12919
 5081 12919 12918 12680
12919 12678  5076  5259
12902 12918  5259  2781
 2753 12928   829 12894
 5367  5368 13033 13032
13033 13032  5367  5368
 5371  5372 14629 15206
10692  2976 16681  2934
13048  5380 13049  2943
 5380  1010 10698 13049
13051  5381 13053 10768
 5381 13052  2978 13053
13053 10768 13051  5381
 2978 13053  5381 13052
13132 13133  3599  5458
 2905  5459 13136 10678
13136 10678  2905  5459
13138 13136 13438  2900
13166  1030 13174  5476
13173 13174  1030  1027
13174  5476 13166  1030
13176  5443 13168  5484
 5484 10754  9613 13176
 1065  5494  5494  9548
 5502  3020 10783 13203
13203 13204  5499  5502
13227  9591  1131  3024
  205  9562   212  9160
13371  5626 13378  3234
13378  3234 13371  5626
 5626  1194  9621 13378
11013  3210 11006  3212
  235 13390  1225  9641
13390 11011  1223  1225
 5642   234  9639 13394
 5669  5670 13714 13715
 5365  5672 13430 13431
13430 13431  5365  5672
 5673 13438  5459 13435
 2985  5677 13446 10750
13446 10750  2985  5677
 5678 13446  5677 13454
 5677 13454  5678 13446
 5682 13465 20365 13456
 5720  5721 13804 13513
 5723  5720 13513 13514
 5735  5736 13515 13800
13513 13514  5723  5720
 3359  5737 13517 13516
13517 13516  3359  5737
 5738 13517  5737 13523
13523 11256  3503  5738
13530  5742 13535  3361
 5742 12585  3360 13535
13535  3361 13530  5742
 5757 13557  5481 15294
 5758  5481 13557  5758
 1261  5782 14958 14948
 3389  5786 13595 14954
  746 13595  5786 12443
 5786 12443   746 13595
 5842  5843 13647 13649
 5843  5829 13646 13647
 5841  5842 13649 13650
13646 13647  5843  5829
13649 13650  5841  5842
13652  5850 13654  3407
13654  3407 13652  5850
 5850 13655  3409 13654
 3407 13660  5852 13652
10750 13684  2986  2985
13684  3442 15622  2986
 5889  5801 13707 16871
 3449 13709  5890 13710
 5890 13710  3449 13709
13714 13715  5669  5670
 5926  5933 13752 15817
 5941  5939 13747 13748
13747 13748  5941  5939
 5939 13752  5933 13747
 3470  5952 13766 13756
13766 13756  3470  5952
13768 13766  5952  5953
13771  5941 13748  3452
 5982 13804  5721 16803
13804 13513  5720  5721
 5984  5982 16803 16804
 6015  6016 13859 13860
 6016  3597 15902 13859
13859 13860  6015  6016
13862  6015 13860  3576
13866 13863  3603  3604
 6023 13881  1356 13899
13881  1359  1359  1356
13893 13894  3667  3670
 3671 13893 13902 13898
13899  6058 15948  6023
13898  1357  9697  3671
 1356 13899  6023 13881
 6058 13902  3670 15948
13902 13898  3671 13893
 6063 13906   267 13914
13908   267 13906  6064
 3727 13908  6064 13911
13914 13915  3733  6063
11614  6078 13954  3773
13954  3773 11614  6078
13962  6080 13973  3873
 6080 13970  6082 13973
 6082 13973  6080 13970
 1411  6086 13981 11538
13981 11538  1411  6086
11547 13981  6086  3794
 6086  3794 11547 13981
13989  6092 14804  3862
 6100  6098 14000 13998
 6098  6101 13999 14000
13999 14000  6098  6101
 6101  3814 14017 13999
14029  6107 14014  3815
 6108 14014  6107 14015
 6110  3812 14025 14018
14018 14017  3814  6110
 3816  6119 14041 14040
 6132  6133 14070 14071
 6133 11588  3860 14070
14071  6108 14015  6132
 2204  6134 14074 12335
10235 14075  2201  2199
14075 14076  6135  2201
14076 14074  6134  6135
  138 14107   136  9137
14107  9912   135   136
14132  3972 11742   346
10381 14172  4010  1577
14172 11754  4012  4010
 1588  6237 14174 14175
14174 14175  1588  6237
 6237  4019 11759 14174
11759 14174  6237  4019
14175  6244 14183  1588
14183  1588 14175  6244
   42 14183  6244  9123
 6244  9123    42 14183
12663 14208  2502   794
14209   796  9393   800
14208 14209   800  2502
14310 14311  4289  4292
14311 11931  4288  4289
 1827  6394 14314 11893
 6395 14314  6394 14317
14314 11893  1827  6394
 6394 14317  6395 14314
 4292  6395 14317 14310
14352 14353  1883  2747
14353  6432 14358 14359
14358 14359 14353  6432
14359 14357  1882  1883
 6432  6434 14363 14358
  462 14363  6434  9936
 6434  9936   462 14363
 6435   454 14345 14366
14357  6435 14366 14367
14363 14358  6432  6434
14366 14367 14357  6435
14370  6439 14371   460
14371   460 14370  6439
  454 14371  6439 14345
 6439 14345   454 14371
14372 14370   460  9274
 6457   951 14390 14388
14388 14372   459  6457
14390 14388  6457   951
 6490  6488 14430 14424
14426  6501 14443 14442
14442 10072  1910  1906
14443 14442 14426  6501
 6501 14444   560 14443
  560 14443  6501 14444
14562 14555  4570  4564
 5372  6742 14635 14629
14635 14629  5372  6742
 6739 14635  6742 14637
 5368  5371 15206 13033
14638  6749 14642  6615
 6749  6739 14637 14642
 4564 14638  6615 14562
14637 14642  6749  6739
14642  6615 14638  6749
14648 14651  4538  2056
 6773  5367 13032 14664
14651  6773 14664  4538
14555  4569 12185  4570
14742 14739  4705  4703
 4772  6865 16340 16341
14803  6100 13998  6872
 6872 14804  6092 14803
14804  3862 13989  6092
14870 12485  4849  4850
 6958 14894  4897 14897
14897  6960 16375  6958
14923  6976 16501  6977
 6976  4925 16500 16501
 6980  4930 16350 14927
 6981 12564  4947 14930
14927  6981 14930  6980
14930  6980 14927  6981
14948  3409 13655  1261
14954 14955  3391  3389
13595 14954  3389  5786
14955 14958  5782  3391
 7048 14988  5199 14992
14988 14989  5212 12832
 5199 14992  7048 14988
14996 14997  2541  4986
 4986  7063 15002 14996
15002 14996  4986  7063
 7063  2537 15007 15002
15020  7080 15021  7078
 5082 15020  7078 15018
 7078 15018  5082 15020
15021  7078 15020  7080
15025  5077 12677  7088
 7080 15025  7088 15021
 7088 15021  7080 15025
  811 15031  2550 10387
15079 14041  6119  7124
15083  5118 17218  5119
12912 10567 12916  5257
15117  2138 10162  7162
 2143 15117  7162 15128
 7165  2143 15128 15126
  642  7165 15126   642
 7162 15128  2143 15117
15128 15126  7165  2143
 7175   917  9467 15148
15147 15142   163  7176
15148 15147  7176  7175
15206 13033  5368  5371
15212 15213  7211  7212
15226 15212  7212 15210
15294  7246 15295  5757
15295  5757 15294  7246
 7246 13173  1027 15295
10653 15357   975   977
 7278 15363  7279  7278
15363   975 15357  7279
 7279  7278  7278 15363
 7290  7291 15501 15504
 7291  5692 15418 15501
 7292  7301 15416 15417
15416 15417  7292  7301
21384  7328 15477 15475
15477 15475 21384  7328
15481 15477  7328  5690
 5717  7354 15541 17544
 7354 15542  3619 15541
15542  7353 15536 13415
15536 13415 15542  7353
11229 15548  3352  3353
 7371  7366 15570 15564
15570 15564  7371  7366
13800  7377 15573  5735
 7376  7375 15582 15575
 7409 15643  7408 15766
15643  5852 13660  7408
13710  7421 15663  3449
15663  3449 13710  7421
15666 15663  7421  7425
 7425 15668  5831 15666
 7439  7440 15684  7439
15766 15767  3403  7409
15786 11215  3439  7500
 3442 15786  7500 15622
 5953 15839 15840 13768
15839 13771  3452  7542
15840 13768  5953 15839
15856 13862  3576  3577
 7562  7561 15866 15865
15863 15866  7561  3584
 7561  3584 15863 15866
 3577  7562 15865 15856
15865 15856  3577  7562
15895 15896   252   256
15900  7598 15901 15902
 7600 15901  7598 15912
15903 15898  3591  3588
15905   252 15896  7601
 3590 15905  7601 15906
 7598 15912  7600 15901
 7607  7600 15912 15920
11395  7614 15923  3660
15923  3660 11395  7614
 7614  3667 13894 15923
11398  7616 15929  3661
15925  7617 15926  6056
15926  6056 15925  7617
 7616 15926  7617 15929
15929  3661 11398  7616
15933 15925  6056  7619
15948  6023 13899  6058
 3670 15948  6058 13902
11441 15952  3721  3722
15952  3710  3710  3721
 3722 15956  3701 11441
15957 15960  1431  1432
15960  7652 15961  1431
15961  1431 15960  7652
 7662 15980  3648 15984
15980  3651  3651  3648
11428  7662 15984  3672
16033  7690 16035  3820
16035  3820 16033  7690
 2537 16144  7786 15007
 7786 15007  2537 16144
16144  7789 16146  7786
16146  7786 16144  7789
14190 16146  7789  4994
 7789  4994 14190 16146
 7795  4021 14191 16152
 4994  7795 16152 14190
16152 14190  4994  7795
14191 16152  7795  4021
 7881 12552   757 16230
 2309  7881 16230 16231
16230 16231  2309  7881
  757 16230  7881 12552
 7951  2202 10238  7951
10238  7951  7951  2202
 7978  7979 16339 16338
16339 16338  7978  7979
16338 16340  6865  7978
16345 16339  7979  7980
 7981 16345  7980 17215
14922 16350  4930  4931
16350 14927  6980  4930
 2276  2259 10297 10298
16381 16380  4854  4871
16380 16375  6960  4854
16382 16381  4871  4870
16409 14870  4850  8030
 4870 16409  8030 16382
16231  8068 16499  2309
16499  2309 16231  8068
12558 16499  8068  4936
 8068  4936 12558 16499
16500 16501  6976  4925
16517 12659  2510  2511
16522  2622 12826  5211
10387  8109 16526   811
16526   811 10387  8109
  346 16526  8109 14132
 8109 14132   346 16526
16528  2550 15031  8115
15031  8115 16528  2550
 5080 16528  8115 15027
 8115 15027  5080 16528
 8132  7048 14992 16550
14997  8132 16550  2541
16550  2541 14997  8132
16562 16517  2511 12664
10426 16563   793  2639
16563 16562   795   793
 8195  2786 16590 16603
  886  8195 16603 10560
16590 16603  8195  2786
16603 10560   886  8195
16681  2934 10692  2976
 8261 16684  1014 16691
16687 16679  2975  8262
 8318  7290 15504 16802
16802  7335 17547  8318
16804  8319 16807  5984
16807  5984 16804  8319
 8319  3515 13789 16807
13650  8354 16861  5841
16861  5841 13650  8354
16871  8364 16872  5889
16872  5889 16871  8364
 8365 16872  8364 16876
 8364 16876  8365 16872
 8367  8368  8368 16880
16876  8367 16880  8365
 8368 16880  8367  8368
16880  8365 16876  8367
16893  8372 16894  5911
 8378  8379 16905 17593
 8379  5669 13715 16905
 8482  8488 17039  8482
17039  8482  8482  8488
 8490  8491 17045 17044
 8488  8490 17044 17039
17044 17039  8488  8490
 8492 17045  8491 17048
17045 17044  8490  8491
17026  8492 17048  3578
17048  3578 17026  8492
 8491 17048  8492 17045
 8505  8506 17062  8505
17062  8505  8505  8506
 7619 17062  8506 15933
 8506 15933  7619 17062
 4737 17144  4736  4737
 4703  8602 17162 14742
17161  4739 17159  8603
17164 17162  8602  4746
17170  8590  8590  8607
17215 17213  8626 17217
17232 10417  2617  2616
 8636  8635 17239 17235
17235 17232  2616  8636
 8635  6864 17238 17239
17238 17239  8635  6864
17239 17235  8636  8635
17275 17238  6864  7975
 9358  8673 17295   705
17295   705  9358  8673
 8673 17297  9353 17295
15541 17544  5717  7354
 7408 15766  7409 15643
15767 17565  3405  3403
 8354  8870 17574 16861
17574 16861  8354  8870
 8877 17597  8371 17595
17670 17671  5176  5175
17671 12796  5188  5176
 4924 16500  4925 12553
 1795  1798 11950 10011
 4368 12072  4367  4368
17785   143  9425  9427
17787  9416   850  9017
   13    14    14  9148
  135   136 14107  9912
  137   138  9137  9138
 9137  9138   137   138
  141  9419  9416  9407
 9132   141  9407   124
  147   148 10570  9145
 9145   149  9461   147
  212  9160   205  9562
  217   218  9645  9644
  221  9598  1146  9162
  224  9590  1132  9588
  231 11007  3211 11009
  252   256 15895 15896
  296  1480  9783  9781
  305   296  9781  9782
  308   309  9258  9247
 9121   308  9247    41
 9228  9227   353   354
 9230   351  9235   357
 9835   359  9229   358
 9229   358  9835   359
  359  9230   357  9229
  354  9235   351  9228
  353   354  9228  9227
  370   371  9863  9880
  395   394  9878  9877
  400   401  9256  9255
 9255  9258   309   400
 9256  9255   400   401
  401   404  9883  9852
  459  6457 14388 14372
  552   553  9453 11971
  559 14437  6498 14436
14437   560 14444  6498
17951    71  9311  9312
 9311  9312 17951    71
 9312  9317   557 17951
  557 17951  9312  9317
  577  9311    71   577
 9317  9323   556   557
  651  2154 10200  9338
 9338  9340   650   651
 9345 10188   659 17984
  659 17984  9345 10188
17984  2136 10156  9345
  667 12806  5192 10438
  672   670   670  9349
 9353 17295  8673 17297
 9354  9360   697   693
  705  9354  9357  9358
 9352  9357   693   694
 9357  9358   705  9354
 9360 12727  5148   697
  743 12446  4814 12448
  771 11777  4086  9871
 9393   800 14209   796
 9394  9393   796   692
 9398   807  9399   804
  823  2617 10417 10415
  826 12717  5143 12720
  830   832 10503 12885
  833   838  9479  9409
 9407   124  9132   141
 9409  9412   835   833
  851 17787  9427  9423
 9417   850  9419   140
  149  9425   143  9461
 9425  9427 17785   143
10045 10557   860 18452
 9444  9439   891   890
 9412  9444   890   835
 9441   891  9439  9421
  904  9453   553 10055
  905   906 10191  9457
 9458  9459   156   157
 9461   147  9145   149
  917  9471   918  9467
  918  9467   917  9471
 9471   911   911   918
 9479  9409   833   838
  930   923  9498  9499
  929   930  9499 15093
  923  9479   838  9498
 9498  9499   930   923
  971   965  9582  9584
  975   977 10653 15357
 1010 10703  2938 10698
10703 10701  1011  2938
 1029 13166  5476 13165
 1030  1027 13173 13174
 9548  1066 10885  1065
 1066  1070 10777 10885
 1081  1178  9612  9613
 1080  1081 10754 10755
 1094   211  9563  9561
  211   212  9562  9563
 1098  1106  9573  9574
 1097  1105  9571  9569
 9575  1112 10899  1094
 9574  9575  9561  1098
 1105  9573  1106  9571
 1112 10894  3119 10899
 9522  9582   965   963
 9588  1131  9591   224
 9591   224  9588  1131
 9593  1138 10989  1137
 1214  3062 10822 10823
 9166  9165   228   227
 9641  9639   234   235
 9639 13394  5642   234
13394  9645   218  5642
 1252  1254 11173 11171
 1254  1255 11176 11173
 1257  1252 11171 11130
 9670  1314  9671  1313
 1343  1351  9690 11139
 1349  1328  9691  9689
 9701  1365  9704  1364
 9704  1364  9701  1365
 9703  9723  1360  1361
 1448  3811 16007 16012
 1449  1448 11593  1449
  430  9787  1483   430
 1484  1483  9787  9788
 1480  1484  9788  9783
 1486  1487  9794  9795
 9782  9796   304   305
 1494  9801  1493  9804
 9795  1495  9803  1486
 9803  1486  9795  1495
 1524   530  9824  9825
 9825  9827  1527  1524
 9824  9825  1524   530
  351  9228   354  9235
  406  1557  9851  9855
 9258  9247   308   309
 1557   402  9850  9851
 9851  9855   406  1557
 1575  9863   371  9891
 9880  9881  1653   370
 9863  9880   370   371
 9883  9852   401   404
 9855  9893   408   406
 9912  1729  1729   135
 9274  9272   458   459
 9273  9270   450   172
 1739   440 10610  9942
 9939   462  9936  1741
 9942  9939  1741  1739
 9297  9954   524   540
  542  9297   540   542
  530  9956  1762  9824
 1798  1802 10097 11950
 1824  1826 11892 12908
 1842 10012  1844 11943
10010  1843 10013  1794
 9956 10032  1759  1762
10032   524  9954  1759
  860 18452 10045 10557
18452   878   878 10045
 1882  1883 14359 14357
 1881  1882 14367  1881
  553 10055   904  9453
10068   556  9323   582
 2056   630 14645 14648
 2066 10135  2097 10134
 2130  2131 12167 10151
 2132  2095 10709 10705
 2138 10156  2136 10162
10162  7162 15117  2138
 2136 10162  2138 10156
10176 10179   896   897
 9340 10176   897   650
10181  5238 12872   854
10180 10181   854   855
  126 10190   906  9456
  123  2153 10197  9133
18553   659 10188 18552
 2151 18553 18552 10192
 2199  2200 10234 10235
 2206  2204 12335 12336
 2209 12270  4688 10240
 2218  2207 12355 12350
12270  2210 19770  4688
 2212  2213 10261 10262
 2215 12345  4760 12342
 2230  2228 10256 10257
18654  2238 10275 10277
10261 10262  2212  2213
 2228 10268  2231 10256
10266  2231 10268  2235
10269 12372  4774  2236
 2237  4784 12405 12404
 4774  2236 10269 12372
 2239  2237 12404 11569
10275 10277 18654  2238
10277 10456 10257 18654
10257 18654 10277 10456
10256 10257  2230  2228
  666   667 10438 10440
  665 12798  5191 12801
  787 10300  2260 12433
 2285  2288 10328 10308
 2293 11242  3492 11237
  682  5142 12713  9353
  681   682 17297 10318
 2452  2456 10354 10353
 2456  5023 12635 10354
10362  9667  1306  1307
10373   786 12434  2445
 2638  9399   807 10428
 2639  2640 10425 10426
10425 10426  2639  2640
  807 10428  2638  9399
 2654  2653 10436 10434
10438 10440   666   667
 2659  2660 10444 10445
10434  2659 10445  2654
18716  2663 10452 10453
10453 10444  2660 18716
 2660 18716 10453 10444
10436 10434  2654  2653
10456 10458  2229  2230
12717 12718   828  5143
 2683  2684 10476 10477
10476 10477  2683  2684
10415 10479   824   823
10479  2682 10481   824
10481   824 10479  2682
10487 10486  2693   831
  838  9498   923  9479
 2712 12845  5222 10502
 2688 10509  2692 10483
 2728   156  9459 10525
10055   903 10526   904
10557  2753 12894   860
 2786 10570   148 16590
  151 10573   893  9440
10570  9145   147   148
10573 10574  2784   893
  855   896 10179 10180
 9455  9417   140   125
 9456  9455   125   126
  164   929 15093 15095
15142   164 15095   163
 2832 10631   250 10633
 2837   958 10640 10639
 2901  1029 10675 10676
 2928  2930 10711 10693
10694 10692  2934  2931
 2095 10708  2939 10709
10701  2939 10708  1011
10698 13049  5380  1010
13049  2943 13048  5380
10719 10717  2952  2953
 2957 15224  7216 15226
15224  1013 16685  7216
 2981  2978 13052 10746
 2982  2981 10746  2982
 3009  2951 10768 10767
10767  3008  3008  3009
 3008  3009 10767  3008
10780 10783  3020  3017
 1070 10780  3017 10777
10783 13203  5502  3020
 3062 10830  3065 10822
10823  1084  1084  1214
 9611  9166   227   194
 3065 10822  3062 10830
10885  1065  9548  1066
 3119 10899  1112 10894
 3143  3144 10920 10921
 1126 10928  9587  9586
 3138 10935  3158 10936
 3158 10936  3138 10935
10928  3155 10929   972
10932 10920  3144  3139
10933  3158 10935  3156
 1138 10987  3198 10989
10981  3197 10986  3174
10989  1137  9593  1138
 1137 10998  1139  9593
 3202  3201 11034 10999
11009  9609   229   231
11012 11013  3212  1222
 9560 11043  3235   203
 9621 13378  5626  1194
11050  9621  1194  1192
 1148  1116 10916  9601
11130 11131  1258  1257
 3306  1343 11139 11134
11134  1258 11131  3306
 9690 11139  1343  1351
 3313  3514 15399 13429
 3325  3000  3000 15463
21380  3325 15463 15467
 3353 11232  3488 11229
 3360 13535  5742 12585
11171 11130  1257  1252
11173 11171  1252  1254
 3403  7409 15766 15767
 3409 13654  5850 13655
15622  2986 13684  3442
11236  2285 10308  3491
11242  3503 11256  3492
 3351  3359 13516 11258
 3503  5738 13523 11256
 3513  3316 11271 11272
 3514  3513 11272 15399
11270 11271  3316  3314
 3515 11270  3314 13789
11271 11272  3513  3316
 3578  7607 15920 17026
11330  3581  3581  3579
 3584 11330  3579 15863
 3588  3590 15906 15903
  958  3592 11336 10640
 3597 11338 15898 15900
 3603  3604 13866 13863
 3604  3608 11350 13866
 3608 11352  3611 11350
11352 15536  7353  3611
 3619 15541  7354 15542
11396 11397 11394  3659
11397 11400  1429  1426
11400 11408  3692  1429
11408 11409  3665  3692
 9697  3671 13898  1357
 3665  3692 11408 11409
 1389 11428  3672 11404
 3710  3721 15952  3710
 3729 11509  3778 11505
 3733  6063 13914 13915
 3735 11524  3790 11453
11464  1360  9723  1398
 3751  3750 11469 13920
  267 13914  6063 13906
 1398 11468  3748 11464
11468 11469  3750  3748
 9732   269  9174   273
13911  3778 11509  3727
11505  3779 13968  3729
 6064 13911  3727 13908
11520  3790 11524  1410
 3790 11453  3735 11524
11538 11520  1410  1411
 3804 15961  7652 11546
 3812 14028  6113 14025
14040  3819 11563  3816
 3825  3826 16386 16387
 3836 12405  4784 12408
 3858  3860 11588 11587
 3840 11580  3845 11574
11587  3845 11580  3858
11588 11587  3858  3860
 3872 13954  6078 13960
 1393 11614  3773 11500
 9781  9782   305   296
 9801  9799  1492  1493
 1493  9804  1494  9801
 9227  3962 11715   353
 4086  9871   771 11777
  438 11849   937 10611
11907 11890  1535  4262
11931  4295 11939  4288
 1844 11943  1842 10012
11950 10011  1795  1798
10097 11950  1798  1802
10525 10526   903  2728
18552 10192  2151 18553
10188 18552 18553   659
11981  4319 12008  4317
12019 11981  4317  4318
 4320   554 11988 11989
10526   904 10055   903
11988 11989  4320   554
11989 12008  4319  4320
12008  4317 11981  4319
 4341 12019  4318 12028
 4343  4341 12028 12030
 4318 12028  4341 12019
12028 12030  4343  4341
 4367  4368  4368 12072
 1939 17775  9011 12073
17775  4367 12072  9011
12073  1942 10096  1939
 9011 12073  1939 17775
12072  9011 17775  4367
12167 10151  2130  2131
 4538  2056 14648 14651
 4688 10240  2209 12270
12267 12269 19771  2212
12279 12267 10262  4689
12269 19770  2210 19771
 2210 19771 12269 19770
12278 12279  4689  4692
10262  4689 12279 12267
 4689  4692 12278 12279
 4705  4703 14742 14739
 4692  4705 14739 12278
 4746 17161  8603 17164
 4752 12330  4749 12338
14074 12335  2204  6134
12342 12343  2216  2215
 4762  2217 12348 12349
12350 12348  2217  2218
12348 12349  4762  2217
12355 12350  2218  2207
 2616  8636 17235 17232
12370  4774 12372  2234
 2213 12376  2233 10261
12376  4775 12379  2233
 2668  5191 12798 12799
10458  2668 12799  2229
 4782  4781 12398 12396
11569 10275  2238  2239
12398 12396  4782  4781
11573 12398  4781  3838
 4784 12408  3836 12405
12408  4783 12409  3836
12404 11569  2239  2237
12409  3836 12408  4783
 4808  9385   763 12438
12448  4808 12438   743
 4823  2295 12457 12458
11237 12455  2294  2293
12455 12457  2295  2294
 4825 12460 12458 12453
 4841 12470  2623 12473
 4842  4822 12462 12475
10328 10308  2285  2288
12485  3825 16387  4849
 4854  4871 16381 16380
 4880 12521  4894 12514
12515  4891  4891  4879
19943  4894 12521 12523
 9349 19943 12523 12525
  670  9349   672   670
 4931 14923  6977 14922
 4935   737  9388 12559
12559 12558  4936  4935
 4947 14930  6981 12564
  804 12568   806  9398
12568 12570   696   806
12599 12600  4959  2354
12600 12602  4960  4959
 2288 12599  2354 10328
 5023  5024 12650 12635
 5028 10372  2443 12641
 2443 12641  5028 10372
 2502   794 12663 14208
  404  5083 12681  9883
 5142 12711  4820 12713
 4820 12713  5142 12711
12718 12733  5151   828
12773 10476  2684   825
12720 12773   825   826
 2663  5186 12793 10452
 5188  5176 17671 12796
 5191 12801   665 12798
12799  2229 10458  2668
 5193  5198 12830 12828
 5195  5193 12828 12829
12830 12828  5193  5198
 5228  5227 12853 12855
  864 12853  5227 12852
12855  5232 12859  5228
 5238  2727  2727 12872
 2727 12872  5238  2727
10503 12885   830   832
12890   830 12889  5247
12894   860 10557  2753
12908 12907  5253  1824
 5257  5258 12911 12912
12928 10487   831   829
10631 11288   249   250
10642 10643  1110  1107
  978  2866  2866 10651
 3599  5458 13132 13133
 5458  5365 13431 13132
10711 10693  2928  2930
 2930 13048  2943 10711
10717 13051  2951  2952
 5443 10675 13165 13168
 9613 13176  5484 10754
10676 13138  2900  2901
13133 11341  3598  3599
13165 13168  5443 10675
 5476 13165  1029 13166
13168  5484 13176  5443
 1027 15295  7246 13173
 5499  5502 13203 13204
 2953 10723  2948 10719
 2952  2953 10719 10717
10723  7211 15213  2948
20247  2957 15210 20248
13204 20247 20248  5499
13226 13227  3024  3025
 3174 13226  3025 10981
13052 10746  2981  2978
13340  9616  1182  1183
 3204 13340  1183 11033
11043 13371  3234  3235
  218  5642 13394  9645
13415 11367  3627  3619
 5670  5668 13427 13714
13429 13427  5668  3313
 5672  5673 13435 13430
13431 13132  5458  5365
13435 13430  5672  5673
 5459 13435  5673 13438
13438  2900 13138 13136
 2988  5678 13457  2988
13454  5682 13456 13457
13465  3329 13466 20365
20365 13456  5682 13465
13466 20365 13465  3329
 5690 15416  7301 15481
13504  5716 15488  5715
13516 11258  3351  3359
 5737 13523  5738 13517
11372 13530  3361  3363
13557  5758  5758  5481
 5782  3391 14955 14958
 9671  1313  9670  1314
13709 13707  5801  5890
 5831 15666  7425 15668
20476  5831 15668 20477
 5829 20476 20477 13646
13647 13649  5842  5843
13655  1261 14948  3409
 5852 13652  3407 13660
10632  2837 10639  2831
 5801  5890 13709 13707
13715 16905  8379  5669
 5911 13720  5907 16893
15817  5932  5932  5926
 5932  5926 15817  5932
 5933 13747  5939 13752
13748  3452 13771  5941
13758  3461  3461  3464
13755 13758  3464  3471
13756 13755  3471  3470
 5952  5953 13768 13766
13720 15840  7542  5907
 3314 13789  3515 11270
13515 13800  5735  5736
13514 13515  5736  5723
13789 16807  8319  3515
11350 13866  3604  3608
13863  3600 11342  3603
 3598  3599 13133 11341
 1359  1356 13881  1359
 9696  1353  1353  1354
 6056  7619 15933 15925
13906  6064 13908   267
13915  3751 13920 11452
13920 11452 13915  3751
11469 13920  3751  3750
13970 13968  3779  6082
 6078 13960  3872 13954
13960 13962  3873  3872
 3779  6082 13970 13968
13973  3873 13962  6080
16012 13989  3862 11593
 3814  6110 14018 14017
14028 14029  3815  6113
14015  6132 14071  6108
 6113 14025  3812 14028
14025 14018  6110  3812
14014  3815 14029  6107
 3815  6113 14028 14029
11563  3816 14040  3819
14041 14040  3816  6119
14070 14071  6132  6133
 6134  6135 14076 14074
  358 11741  3973  9835
 4019 14191  4021 11759
14317 14310  4292  6395
12886 14352  2747  2750
14345 14366  6435   454
14367  1881  1881  1882
 9519    10    10  9518
  949 14390   951  9519
 1906  6490 14424 14426
14424 14426  1906  6490
14430 14424  6490  6488
12025 14430  6488  4346
 6498 14436   559 14437
14436 14438 20883   559
20885 10064    69 20881
   69 20881 20885 10064
20881 20883 14438 20885
14438 20885 20881 20883
14444  6498 14437   560
 6488  4346 12025 14430
 6615 14562  4564 14638
 6742 14637  6739 14635
10124 14645   630   631
14645 14648  2056   630
13032 14664  6773  5367
14664  4538 14651  6773
 2234 12379  4775 12370
 2233 10261  2213 12376
14739 12278  4692  4705
 6135  2201 14075 14076
 6864  7975 17275 17238
 6092 14803  6872 14804
14000 13998  6100  6098
14017 13999  6101  3814
13998  6872 14803  6100
 4871  4870 16382 16381
14894   671 12526  4897
16375  6958 14897  6960
 6977 14922  4931 14923
14958 14948  1261  5782
12650 12635  5023  5024
 5029 10355  2468 12643
14992 16550  8132  7048
15007 15002  7063  2537
 5083  5082 15018 12681
 5232  5231 12858 12859
15018 12681  5083  5082
15027 12679  5079  5080
12677  7088 15025  5077
 2684   825 12773 10476
 5119 15079  7124 15083
 6119  7124 15079 14041
 7124 15083  5119 15079
15093 15095   164   929
 9499 15093   929   930
15095   163 15142   164
15126   642   642  7165
 9467 15148  7175   917
  163  7176 15147 15142
14629 15206  5371  5372
20248  5499 13204 20247
15210 20248 20247  2957
 7212 15210 15226 15212
 7211  7212 15212 15213
15213  2948 10723  7211
 7216 15226  2957 15224
 5481 15294  5757 13557
 5494  9548  1065  5494
15357  7279 15363   975
 5692  7292 15417 15418
13427 13714  5670  5668
11272 15399  3514  3513
15399 13429  3313  3514
15417 15418  5692  7292
13457  2988  2988  5678
13456 13457 13454  5682
 3000 15463  3325  3000
15463 15467 21380  3325
15467 21375  3328 21380
 3328 21380 15467 21375
21375 15473  3329  3328
 7328  5690 15481 15477
15475 13466 15473 21384
15473 21384 15475 13466
 7301 15481  5690 15416
15488  5715 13504  5716
15418 15501  7291  5692
15501 15504  7290  7291
15504 16802  8318  7290
 7335 15488  5716 17547
 5715  5717 17544 13504
 7353  3611 11352 15536
15548  7371 15564  3352
15564  3352 15548  7371
 7375 15570  7366 15582
 7377  7376 15575 15573
15575 15573  7377  7376
 7366 15582  7375 15570
15573  5735 13800  7377
 5736  5723 13514 13515
15582 15575  7376  7375
13660  7408 15643  5852
 7421  7425 15666 15663
20477 13646  5829 20476
15668 20477 20476  5831
 7440  9669  1311 15684
 1311 15684  7440  9669
15684  7439  7439  7440
 3439  7500 15786 11215
 7500 15622  3442 15786
13752 15817  5926  5933
 7542  5907 13720 15840
 3452  7542 15839 13771
 3579 15863  3584 11330
15866 15865  7562  7561
 1314 15895   256  9671
15898 15900  3597 11338
15896  7601 15905   252
 7601 15906  3590 15905
15906 15903  3588  3590
15902 13859  6016  3597
15901 15902 15900  7598
13860  3576 13862  6015
15912 15920  7607  7600
13894 15923  7614  3667
 7617 15929  7616 15926
15956 15957  1432  3701
 7652 11546  3804 15961
15984  3672 11428  7662
 3648 15984  7662 15980
16007 16012  1448  3811
 1435 16007  3811 11555
 3817 16033  3820 11562
 7690 11568  3834 16035
 6107 14015  6108 14014
 3860 14070  6133 11588
16341  4782 12396  4772
 7975  7981 17217 17275
 7979  7980 16345 16339
16340 16341  4772  6865
16386 16387  3825  3826
 3822 16386  3826 16457
16387  4849 12485  3825
 4850  8030 16409 14870
 8030 16382  4870 16409
 3826 16457  3822 16386
16457  3823 11565  3822
11562 11563  3819  3817
 3834 16035  7690 11568
 3823  3834 11568 11565
 4897 14897  6958 14894
 6960  4854 16380 16375
16501  6977 14923  6976
14989 16522  5211  5212
  148 16590  2786 10570
16679 16681  2976  2975
16684 16685  1013  1014
 8262  8261 16691 16687
16691 16687  8262  8261
 1014 16691  8261 16684
16685  7216 15224  1013
 2975  8262 16687 16679
16803 16804  5984  5982
 5721 16803  5982 13804
13707 16871  5889  5801
 8372  8371 17597 16894
 5907 16893  5911 13720
 5668  3313 13429 13427
17595  8378 17593  8877
 4891  4879 12515  4891
15920 17026  3578  7607
 8590  8607 17170  8590
17144 17170  8607 17172
 8602  4746 17164 17162
17159  8603 17161  4739
 8603 17164  4746 17161
17162 14742  4703  8602
17172 17159  4739  4736
 8607 17172 17144 17170
 5118  8626 17213 17218
 8626 17217 17215 17213
 7980 17215  7981 16345
17218  5119 15083  5118
 6865  7978 16338 16340
17213 17218  5118  8626
17217 17275  7975  7981
17297 10318   681   682
 4736  4737  4737 17144
 7176  7175 15148 15147
17544 13504  5715  5717
17547  8318 16802  7335
 5716 17547  7335 15488
17565 17574  8870  3405
 8870  3405 17565 17574
16894  5911 16893  8372
16905 17593  8378  8379
17593  8877 17595  8378
 8371 17595  8877 17597
17597 16894  8372  8371
12715 17670  5175  4819
  911   918  9471   911
22316 22317 22576 22503
22491 22343 22343 22433
22353 22495 22351 22498
22354 22316 22503 22499
22498 22354 22499 22353
22503 22499 22354 22316
22386 22387 22525 22532
22321 22525 22387 22526
22387 22526 22321 22525
22389 22388 22545 22548
22525 22532 22386 22387
22545 22548 22389 22388
22548 22549 22390 22389
22551 22333 22497 22336
22342 22413 22552 22553
22552 22553 22342 22413
22486 22552 22555 22337
22413 22551 22336 22555
22555 22337 22486 22552
22415 22556 22431 22415
22549 22418 22565 22390
22419 22565 22418 22573
22532 22419 22573 22386
22418 22573 22419 22565
22526 22576 22317 22321
22431 22415 22415 22556
22553 22431 22556 22342
22433 22486 22337 22491
22343 22433 22491 22343
22317 22321 22526 22576
22336 22555 22413 22551
22337 22491 22433 22486
22495 22497 22333 22351
22499 22353 22498 22354
22497 22336 22551 22333
22388 22544 22406 22545
22390 22389 22548 22549
22406 22545 22388 22544
22556 22342 22553 22431
22351 22498 22353 22495
22565 22390 22549 22418
22573 22386 22532 22419
19704 19705 22678 22679
19705 19706 22677 22678
19706  4369  9078 22677
 4369 19707 22647  9078
19707  9073  4362 22647
 9073 19670 22648  4362
19670  9074  4363 22648
 9074  1930  9075  4363
 1930  1926  9056  9075
 1926  1927  9055  9056
 1927  9051  1808  9055
 9051  9067  1810  1808
22719 22466  9072 23090
 9067 22719 23090  1810
22482 22866 22681  9079
22866  4401  9076 22681
 4401  4392  9077  9076
 4392  6520  9096  9077
 6520  6521  9095  9096
 6521 20904 22661  9095
20904  6523  9097 22661
 6523 21213 22659  9097
21213 22660 20903 22659
22660 21212 22658 20903
21212 21209 22657 22658
21209 21208 22656 22657
21208 21207 22655 22656
21207  9094  6517 22655
 9094 20902 22680  6517
20902  6518  9093 22680
 6518 21197 22653  9093
21197 21193 22652 22653
21193 22654 20901 22652
22654 21189 22651 20901
21189  9092  6515 22651
 9092 20897 22642  6515
20897  9060  2737 22642
 9060 18759 22641  2737
18759  9059  2734 22641
 9059 22674 18756  2734
22674 18757 22673 18756
18757  2733  9058 22673
 2733  2741  9061  9058
 2741  9082  5242  9061
 9082 22649 20056  5242
22649  9081  5241 20056
 9081  9080  2726  5241
 9080  9057  2724  2726
 9057  9040  9415  2724
 9040 17979 22666   142
17979   144  9038 22666
  144 18102 22630  9038
18102 18826 22629 22630
18826 22625 18104 22629
22625 18829 22628 18104
18829 18820 22627 22628
18820 18126 22626 22627
18126  9045   912 22626
 9045   910  9046   912
  910  9043   908  9046
 9043 18101 22671   908
18101   150  9044 22671
  150   914  9098  9044
  914 22636 21810  9098
22636  8189  9099 21810
 8189 21812 22662  9099
21812  8192  9100 22662
 8192 21814 22663  9100
21814  8197  9101 22663
 8197 22664 21818  9101
22664  8206  9103 21818
 8206 22650 22311  9103
22650  9105  5275 22311
 9105  9104  8205  5275
 9104 21820 22635  8205
21820  9102   881 22635
 9102 21817 22669   881
21817 22670 18053 22669
22670   883  9042 18053
  883 18054 22634  9042
18054  9041   879 22634
 9041 18052 22668   879
18052   880  9062 22668
  880  4268  9083  9062
 4268 22646 20059  9083
22646  9085  5254 20059
 9085  1823  9084  5254
 1823 21618 22639  9084
21618  9053  1822 22639
 9053  9052  1821  1822
 9052  1819  9090  1821
 1819 20855 22638  9090
20855  9091  6397 22638
 9091  9089  6393  6397
 9089  9088  1839  6393
 9088  9087  6384  1839
 9087  9086  6382  6384
 9086 22643 20840  6382
22643  9064  4228 20840
 9064  9063  4225  4228
 9063  9054   486  4225
 9054 22672 18407   486
22672  1780  9049 18407
 1780  1779  9047  9049
 1779 22637 18406  9047
22637   489  9048 18406
  489 19536 22632  9048
19536 22631 19537 22632
22631  9070  4240 19537
 9070 19535 22675  4240
19535  4239  9071 22675
 4239 22644 19534  9071
22644 19538 22645 19534
 9072 23090 22719 22466
23090  1810  9067 22719
23091  9072  9069 23165
19538 23091 23165 22645
 1810  1808  9051  9067
 1808  9055  1927  9051
 9055  9056  1926  1927
 9056  9075  1930  1926
 9075  4363  9074  1930
 4363 22648 19670  9074
22648  4362  9073 19670
 4362 22647 19707  9073
22647  9078  4369 19707
 9078 22677 19706  4369
22677 22678 19705 19706
22678 22679 19704 19705
 9106 23129 23365 22482
23129 22676 22621 23365
23130  9106  9079 23364
22679 23130 23364 19704
22676  4400 22469 22621
 4400  9066 22365 22469
 9066  9065 22332 22365
 9065  1806 22452 22332
 1806  9050 22331 22452
 9050  1804 22451 22331
 1804  6375 22471 22451
 6375  9039 22315 22471
 9039  9068 22314 22315
 9069 23165 23091  9072
23165 22645 19538 23091
23166  9069 22466 23500
 9068 23166 23500 22541
22645 19534 22644 19538
19534  9071  4239 22644
 9071 22675 19535  4239
22675  4240  9070 19535
 4240 19537 22631  9070
19537 22632 19536 22631
22632  9048   489 19536
 9048 18406 22637   489
18406  9047  1779 22637
 9047  9049  1780  1779
 9049 18407 22672  1780
18407   486  9054 22672
  486  4225  9063  9054
 4225  4228  9064  9063
 4228 20840 22643  9064
20840  6382  9086 22643
 6382  6384  9087  9086
 6384  1839  9088  9087
 1839  6393  9089  9088
 6393  6397  9091  9089
 6397 22638 20855  9091
22638  9090  1819 20855
 9090  1821  9052  1819
 1825  1827 11893 11894
 1821  1822  9053  9052
 1822 22639 21618  9053
22639  9084  1823 21618
 9084  5254  9085  1823
 5253  1824 12908 12907
 5254 20059 22646  9085
20059  9083  4268 22646
 9083  9062   880  4268
 2762  5253 12907 12906
 2761  2762 12906 12916
 2760  2761 10567 10562
 9062 22668 18052   880
22668   879  9041 18052
  879 22634 18054  9041
22634  9042   883 18054
  882  2760 10562 10561
 9042 18053 22670   883
18053 22669 21817 22670
22669   881  9102 21817
10558   882 10561  2756
10559 10558  2756  2754
  881 22635 21820  9102
22635  8205  9104 21820
 8205  5275  9105  9104
 5275 22311 22650  9105
22311  9103  8206 22650
 9103 21818 22664  8206
21818  9101  8197 22664
 9101 22663 21814  8197
22663  9100  8192 21814
 9100 22662 21812  8192
22662  9099  8189 21812
 9099 21810 22636  8189
21810  9098   914 22636
 9098  9044   150   914
 9044 22671 18101   150
22671   908  9043 18101
  908  9046   910  9043
 9046   912  9045   910
  143  9461   149  9425
  912 22626 18126  9045
22626 22627 18820 18126
22627 22628 18829 18820
22628 18104 22625 18829
18104 22629 18826 22625
22629 22630 18102 18826
22630  9038   144 18102
 9038 22666 17979   144
22666   142  9040 17979
  142 23293 23294  9415
23293 17785  9017 23294
23294  9415   142 23293
 9017 23294 23293 17785
 9415  2724  9057  9040
 2724  2726  9080  9057
 2726  5241  9081  9080
 5241 20056 22649  9081
20056  5242  9082 22649
 5242  9061  2741  9082
 9061  9058  2733  2741
 9058 22673 18757  2733
22673 18756 22674 18757
18756  2734  9059 22674
 2734 22641 18759  9059
22641  2737  9060 18759
 2737 22642 20897  9060
22642  6515  9092 20897
 6515 22651 21189  9092
22651 20901 22654 21189
20901 22652 21193 22654
22652 22653 21197 21193
22653  9093  6518 21197
 9093 22680 20902  6518
22680  6517  9094 20902
 6517 22655 21207  9094
22655 22656 21208 21207
22656 22657 21209 21208
22657 22658 21212 21209
22658 20903 22660 21212
20903 22659 21213 22660
22659  9097  6523 21213
 9097 22661 20904  6523
22661  9095  6521 20904
 9095  9096  6520  6521
 9096  9077  4392  6520
 9077  9076  4401  4392
 9076 22681 22866  4401
22681  9079 22482 22866
 9079 23364 23130  9106
23364 19704 22679 23130
23365 22482  9106 23129
22333 22351 22495 22497
22576 22503 22316 22317
22466 23500 23166  9069
23500 22541  9068 23166
22541 23506 23507 22314
23506 22406 22544 23507
23507 22314 22541 23506
22544 23507 23506 22406
22314 22315  9039  9068
22315 22471  6375  9039
22471 22451  1804  6375
22451 22331  9050  1804
22331 22452  1806  9050
22452 22332  9065  1806
22332 22365  9066  9065
22365 22469  4400  9066
22469 22621 22676  4400
22621 23365 23129 22676
