464
 267  268    0    3
   0    3  267  268
  15   13  403  276
 276    0  268   15
 403  276   15   13
 404  403   13  173
 409  189  406  190
 419  402  174  196
 193  419  196  408
 199  201  425  421
 208  423  204  434
 434  406  189  208
 421  198  198  199
 268   15  276    0
 174  196  419  402
 173  174  402  404
 402  404  173  174
 406  190  409  189
 190  193  408  409
 408  409  190  193
 198  199  421  198
 201  204  423  425
 425  421  199  201
 423  425  201  204
 189  208  434  406
 204  434  208  423
 505  506 1195 1196
1195 1196  505  506
1197 1198  510  512
 510  512 1197 1198
1205 1197  512  514
 525  526 1339 1211
 526  524 1474 1213
 524  529 1468 1474
 527  525 1211  527
 533  499 1466 1467
 529  533 1467 1468
1213  534 1215 1339
1214 1215  534  536
 534  536 1214 1215
 541 1205  514 1221
 514 1221  541 1205
1221 1214  536  541
 536  541 1221 1214
 546  545  545 1230
 545 1230  546  545
 549  550 1231 1233
1233  551  551  549
1234 1195  506  555
 506  555 1234 1195
 565 1241  544 1252
 563  566 1243 1244
1244  561 1240  563
1243 1244  563  566
 571  572 1246 1249
1255  565 1252  543
1257 1243  566  576
1254 1258  572 1257
1258  546 1230 1246
1263  581 1260  583
1262 1263  583  586
1241 1264  550  544
 561  591 1269 1240
 591 1262  586 1269
1269 1240  561  591
1273  603 1275  599
 600 1273  599  600
1275  599 1273  603
 581  610 1281 1260
 610 1275  603 1281
1281 1260  581  610
 620  618 1300 1295
1296  620 1295  621
1300 1295  620  618
 626 1302  617 1306
1306 1308 1085  626
 647 1084 1560 1328
1339 1211  525  526
1376 1377  713  714
 691  716 1381  691
 716 1376  714 1381
1377  776 1408  713
1409 1410  777  778
 776 1411  780 1408
1411 1409  778  780
1410  840 1412  777
1413 1414  841  842
 840 1415  844 1412
1415 1413  842  844
1414  891 1416  841
1417 1296  621  892
 891 1418  893 1416
1418 1417  892  893
1466 1467  533  499
1467 1468  529  533
1474 1213  526  524
1468 1474  524  529
 999  998 1502 1500
1002 1466  499 1507
1500 1002 1507  999
1502 1500  999  998
 499 1507 1002 1466
1507  999 1500 1002
 998  977  977 1502
1308 1560 1084 1085
1560 1328  647 1084
1091 1569 1092 1327
1569 1095 1574 1092
1574 1092 1569 1095
1196  510 1198  505
1198  505 1196  510
 512  514 1205 1197
1211  527  527  525
 544 1252  565 1241
1252  543 1255  565
 543 1254  576 1255
1231 1233  549  550
 552 1231 1264 1265
 551  549 1233  551
 555  552 1265 1234
1240  563 1244  561
1246 1249  571  572
1230 1246 1258  546
 576 1255  543 1254
 566  576 1257 1243
 572 1257 1254 1258
1260  583 1263  581
 583  586 1262 1263
1264 1265  552 1231
1265 1234  555  552
 586 1269  591 1262
 603 1281  610 1275
1291  571 1249  617
 618 1291 1302 1300
1085  626 1306 1308
1302 1300  618 1291
1249  617 1291  571
 617 1306  626 1302
1084 1085 1308 1560
1095  647 1328 1574
1328 1574 1095  647
1215 1339 1213  534
1381  691  691  716
 714 1381  716 1376
 977 1502  998  977
 550  544 1241 1264
 599  600  600 1273
1692  263 1188 2146
1682  264  217  482
 264  261  216  217
 261  249   91  216
 249   90  248   91
  90   95  252  248
  95  250   93  252
 250   92  251   93
  92  150  253  251
 150  154  256  253
 154  254  152  256
 254  151  255  152
 151  468 1676  255
 468  166  257 1676
 166  470 1677  257
1724 1164  945 1779
 470 1724 1779 1677
 945 1779 1724 1164
1779 1677  470 1724
1677  257  166  470
 257 1676  468  166
1676  255  151  468
 255  152  254  151
 152  256  154  254
 256  253  150  154
 253  251   92  150
 251   93  250   92
  93  252   95  250
 252  248   90   95
 248   91  249   90
  91  216  261  249
 216  217  264  261
 217  482 1682  264
 215 1826 2000 1192
1826  485 1681 2000
1827  215  263 1923
 482 1827 1923 1682
 485  262 1060 1681
 262  266 1039 1060
 266  484 1680 1039
 484  260 1016 1680
 260  168 1177 1016
 168  167 1176 1177
 167   11 1175 1176
  11   16 1109 1175
  16 1670 1657 1109
1670  188 1183 1657
 188  259 1026 1183
 259  194 1184 1026
 196  408  193  419
 194  258 1025 1184
 258 1689 1656 1025
1689   12 1182 1656
  13  173  404  403
  12 1667 1664 1182
1667  483 1668 1664
 483  265 1058 1668
 265 1691 1663 1058
1691  222 1191 1663
 222 1669 1591 1191
1669  246  547 1591
 246  245  548  547
 245    9 1110  548
   9   17 1116 1110
  17  247  643 1116
 247  243  490  643
 242 1892 2171 1189
1892  270 1104 2171
1893  242  486 2487
 243 1893 2487 1544
 270 1902 1903    4
1902  267    3 1903
1903    4  270 1902
   3 1903 1902  267
   4  244  494 1104
 244   10 1107  494
  10  169 1178 1107
 169  172 1181 1178
 172  171 1180 1181
 171  170 1179 1180
 170 1692 2146 1179
 263 1923 1827  215
1923 1682  482 1827
1924  486 1190 2349
1544 1928 1929  490
1928 1091 1327 1929
1929  490 1544 1928
1327 1929 1928 1091
 490  643  247  243
1092 1327 1091 1569
 643 1116   17  247
1116 1110    9   17
1110  548  245    9
 548  547  246  245
 547 1591 1669  246
1591 1191  222 1669
1191 1663 1691  222
1663 1058  265 1691
1058 1668  483  265
1668 1664 1667  483
1664 1182   12 1667
1182 1656 1689   12
1656 1025  258 1689
1025 1184  194  258
1184 1026  259  194
1026 1183  188  259
1183 1657 1670  188
1657 1109   16 1670
1109 1175   11   16
1175 1176  167   11
1176 1177  168  167
1177 1016  260  168
1016 1680  484  260
1680 1039  266  484
1039 1060  262  266
1060 1681  485  262
2000 1192  215 1826
1681 2000 1826  485
1192 1999 2147 1188
1999 1679 1658 2147
1679 1174 1009 1658
1174 1173 1007 1009
1173 1172 1005 1007
1172 1171 1003 1005
1171 1168  981 1003
1168 1169  979  981
1169 1643 1688  979
1643  978 1167 1688
 978 1166  976 1167
1166  975 1165  976
 975 1170  996 1165
1170 1162  942  996
1162 1641 1687  942
1641  943 1161 1687
 943 1642 1678 1161
2043  945 1164 2096
1642 2043 2096 1678
1164 2096 2043  945
2096 1678 1642 2043
1678 1161  943 1642
1161 1687 1641  943
1687  942 1162 1641
 942  996 1170 1162
 996 1165  975 1170
1165  976 1166  975
 976 1167  978 1166
1167 1688 1643  978
1688  979 1169 1643
 979  981 1168 1169
 981 1003 1171 1168
1003 1005 1172 1171
1005 1007 1173 1172
1007 1009 1174 1173
1009 1658 1679 1174
1188 2146 1692  263
2146 1179  170 1692
2147 1188 1192 1999
1658 2147 1999 1679
1179 1180  171  170
1180 1181  172  171
1181 1178  169  172
1178 1107   10  169
1107  494  244   10
 494 1104    4  244
2171 1189  242 1892
1104 2171 1892  270
1189 2170 2350 1190
2170 1662 1683 2350
1662 1684 1578 1683
1684  487 1106 1578
 487 1580 1665 1106
1580 1108  491 1665
1108 1587 1666  491
1587 1129  531 1666
1129 1626 1685  531
1626  663 1130 1685
 663 1127  658 1130
1127  659 1128  658
 659  686 1133 1128
 686 1134  689 1133
1134 1132  680  689
1132 1131  679  680
1131  677 1141  679
 677 1142  704 1141
1142 1139  700  704
1139 1121  637  700
1121 1123  639  637
2224 1122  642 2298
1123 2224 2298  639
1122 2223 2456 1187
2223 1674 1627 2456
1674 1120  633 1627
1120 1673 1619  633
1673 1119  631 1619
1119 1118  629  631
1118 1117  627  629
1117 1113  602  627
1113 1114  622  602
1114 1600 1672  622
1600 1185  623 1672
1185 1659 1671  623
1659 1112  597 1671
1112 1111  594  597
1111  595 1115  594
 595 1155  878 1115
1155 1154  876  878
1154 1153  874  876
1153 1152  825  874
1152 1151  823  825
1151 1150  821  823
1150 1149  819  821
1149 1148  761  819
1148 1147  759  761
1147 1146  757  759
1146 1145  755  757
1145 1138  697  755
1138 1137  695  697
1137 1140  693  695
1140 1686 1629  693
1686  692 1135 1629
 692 1630 1675 1135
 642 2298 2224 1122
2298  639 1123 2224
2299  642 1136 2376
1630 2299 2376 1675
 639  637 1121 1123
 637  700 1139 1121
 700  704 1142 1139
 704 1141  677 1142
1141  679 1131  677
 679  680 1132 1131
 680  689 1134 1132
 689 1133  686 1134
1133 1128  659  686
1128  658 1127  659
 658 1130  663 1127
1130 1685 1626  663
1685  531 1129 1626
 531 1666 1587 1129
1666  491 1108 1587
 491 1665 1580 1108
1665 1106  487 1580
1106 1578 1684  487
1578 1683 1662 1684
2350 1190 1189 2170
1683 2350 2170 1662
1190 2349 1924  486
2349  488 1105 1924
 488 1125  645 1105
1125  653 1124  645
 653  651 1126 1124
 651 1143  711 1126
1143  712 1144  711
 712 1186 1031 1144
1186 1660 1690 1031
2377 1136 1187 2455
1660 2377 2455 1690
1136 2376 2299  642
2376 1675 1630 2299
1675 1135  692 1630
1135 1629 1686  692
1629  693 1140 1686
 693  695 1137 1140
 713  714 1376 1377
 695  697 1138 1137
1408  713 1377  776
 697  755 1145 1138
 780 1408  776 1411
 755  757 1146 1145
 778  780 1411 1409
 757  759 1147 1146
 777  778 1409 1410
 759  761 1148 1147
1412  777 1410  840
 761  819 1149 1148
 844 1412  840 1415
 819  821 1150 1149
 842  844 1415 1413
 821  823 1151 1150
 841  842 1413 1414
 823  825 1152 1151
1416  841 1414  891
 825  874 1153 1152
 893 1416  891 1418
 874  876 1154 1153
 892  893 1418 1417
 876  878 1155 1154
 621  892 1417 1296
 878 1115  595 1155
1295  621 1296  620
1115  594 1111  595
 594  597 1112 1111
 597 1671 1659 1112
1671  623 1185 1659
 623 1672 1600 1185
1672  622 1114 1600
 622  602 1113 1114
 602  627 1117 1113
 627  629 1118 1117
 629  631 1119 1118
 631 1619 1673 1119
1619  633 1120 1673
 633 1627 1674 1120
1187 2455 2377 1136
2455 1690 1660 2377
2456 1187 1122 2223
1627 2456 2223 1674
1690 1031 1186 1660
1031 1144  712 1186
1144  711 1143  712
 711 1126  651 1143
1126 1124  653  651
1124  645 1125  653
 645 1105  488 1125
1105 1924 2349  488
 486 2487 1893  242
2487 1544  243 1893
