1818
   82    80  4559  4558
   33    32  4547  4546
 4547  4546    33    32
 4546   106  4548    33
 4548    33  4546   106
 4559  4558    82    80
  237    88  4562  4651
  230   237  4645  4648
   83  4560    89    83
  273  4547    32  4669
 4560  4562    88    89
   91    28  4575  4657
 4566  4567    92   251
   94    82  4558  4650
   97    94  4650  4570
 4570    99  4572    97
 4572    97  4570    99
   28  4572    99  4575
   99  4575    28  4572
  254   102  4578  4581
  106  4577   107  4548
 1312   111  4579  4580
  111  4566  4582  4579
 4582  4579   111  4566
 4578  4581   254   102
  102   287  4684  4578
  757   333  4699  5275
  333   770  4700  4699
  514   513  4620  4621
  513   179  4802  4620
 4620  4621   514   513
  191   192  4622  4623
 4622  4623   191   192
  535  4622   192  4819
 1219   544   544  4625
  223   224  4836  4642
 4642  4640   194   223
  226   225   225  4644
  225  4644   226   225
  231  3950  6906  6842
 4562  4651   237    88
 4656   230  4648   231
 4575  4657    91    28
 4558  4650    94    82
 4662  4582   251  1236
  255  4662  1236  5707
  253  1253  4846  4665
 4665   254  4581   253
  271   272  5157  5155
  821   133  4919  4920
   32  4669   273  4547
 4577   275  4670   107
 4670   107  4577   275
  583  4670   275  4844
  286  1317  4681  4682
 4681  4682   286  1317
 4678  4683   287   285
 4683   286  4682  4684
 4682  4684  4683   286
  330   327  4694  4693
  326  4694   327   326
 4700  4699   333   770
 8206   360  4899  5288
  839   366  4955  4942
  388   389  4714  4715
 4714  4715   388   389
  390   401  4718  4964
  401   402  4717  4718
 4717  4718   401   402
 4669   953  5131   273
 4745   483  4773   173
 1927  4745  4746  5052
  458  4746   173  4748
  472   470  4793  4789
  474   476  4757  4756
 4760  1064  4762  5051
  178  4762  1064  4764
 4764  4761  2671   178
 4774  4773   483   486
 4775  4774   486   484
  494  1967  4786  4784
 4786  4784   494  1967
 4789  2660  4792   472
 4792   472  4789  2660
 4793  4789   472   470
  478  4793   470  5580
 1110  4802   179  4804
  179  4804  1110  4802
  520   521  4812  4813
  522   520  4813  4814
 4812  4813   520   521
 4813  4814   522   520
 4814   526  4816   522
 4816   522  4814   526
  530  4816   526   530
  526   530   530  4816
 4819  1170  5100   535
 1170  1174  5102  5101
 1174  1176  5106  5102
  543  4821  4651  4823
 4650  4570    97    94
 4143  4836   224  7379
  566  4656  6842  5695
 4840  2198  2198   572
  275  4844   583  4670
  588   590  5706  6177
 4846  4665   253  1253
  597   583  4844   597
  618   617  4854  5149
  617   619  4855  4854
 1182  4855  4857  4856
 4855  4854   617   619
 4857  4856  1182  4855
  623  4857   619  4860
  265   623  4860  5151
  133   350  5286  4919
  654   653  6235  4868
 4679   654  4868   675
 4868   675  4679   654
 1437   710  4888  4889
 4888  4889  1437   710
  715  4888   710   715
  740   739  4902  4903
 4902  4903   740   739
  742  2144  5672  5673
  744   742  5676  5677
 4910   330  4693   752
 4919  4920   821   133
  792   785  4922  4923
 4922  4923   792   785
  815  1526  5865  4931
  844  4945   841  4946
  841  4946   844  4945
 4946   845  4949   844
  845   847  4948  4949
 4948  4949   845   847
  847  3089  5638  4948
 1648  1645  5389  5399
  863  1648  5397   863
 1701   872   872  5426
 1758   899  4962  5458
  899   902  4963  4962
 4963  4962   899   902
 1703  4963   902  5429
 4964   388  4715   390
 4718  4964   390   401
  953   952  5740  5131
  960   958   958  4989
  961   960  4989  4991
  965  2592  4994   965
 4994   965   965  2592
 1002  1495  5290  5022
 5022  1003  5023  1002
 5023  1002  5022  1003
 1003  1004  5534  5023
 1004  1886  5537  5534
 2380  1007  6336  6335
 1008  2380  6335  6333
 5025  1622  5367  1009
 1873  2381  5515  5516
 1013  1011  5030  5029
 5030  5029  1013  1011
 4920  1013  5029   821
 1020  1019  5036  5035
 1807  1020  5035  5484
 5036  5035  1020  1019
 1023  5036  5038  5037
 5038  5037  1023  5036
 5037  5043  1030  1023
 1027  1035  5044  5045
 5043  1821  5490  1030
 1821  1823  5491  5490
 1035  1037  1037  5044
 4762  5051  4760  1064
 5052  1052  1052  1927
  477  1960  5059  4760
 5059  4760   477  1960
 5071  5070   489  1095
 4802  4620   513   179
 1113  1110  4804  5076
 4804  5076  1113  1110
  755  1153  5094  4911
 5094  4911   755  1153
 1153  2068  5095  5094
 5095  5094  1153  2068
 4949   844  4946   845
  770  5100  5101  4700
 5100   535  4819  1170
 5101  4700   770  5100
 5102  5101  1170  1174
 5106  5102  1174  1176
  817   191  4623  5287
 5108  2098  5169  5168
 1186  1185  5111  1186
 5111  1186  1186  1185
 3384  5116  6841  7213
 5131   273  4669   953
 2831   255  5707  5710
 4844   597   597   583
 1250  5142  1252  1250
 1252  1250  1250  5142
 1932  1252  5142  5561
 4854  5149   618   617
 5149  3667  6847   618
 5155  2802  6120   271
 5157  5155   271   272
 5167  5161   858  2099
 5168  1274  5163  5167
 5169  5168  5108  2098
 4567  5180  1230    92
 5182  1312  4580  2975
 1374  5219  1373  5220
 5237  4898   737  1409
 2114  5237  5243  5240
 1409  5244  1395  5243
 1396  1395  5244  6306
 1422  1423  5252  5251
 1423  1427  5254  5252
 5252  5251  1422  1423
 1427  1425  5255  5254
 5254  5252  1423  1427
 1432  1437  4889  5256
 5255  5254  1427  1425
 4889  5256  1432  1437
 2137  2139  5664  5661
 4699  5275   757   333
 1466  1469  5278  1466
 1469  1468  5279  5278
 5278  1466  1466  1469
 5279  5278  1469  1468
 5275  5279  1468   757
 5287  5286   350   817
 1000  5290  1495  5021
 1498  1499  5854  5852
 3058  2448  5895  5864
 5306  3058  5864  5865
 5286  4919   133   350
 1547  1549  5320  5315
 1548  1506  5323  5322
 5322  5321  1549  1548
 5323  5322  1548  1506
 1506  1553  5324  5323
 5324  5323  1506  1553
 1573  1572  5335  5866
 2432  5330   781  2432
 5330  5334   789   781
  789   781  5330  5334
 5334  1580  5336   789
 5336   789  5334  1580
 1580  5335  1572  5336
 1572  5336  1580  5335
 5346  5304   814  1588
 1591  5346  1588  4921
 5367  1009  5025  1622
 1621  5367  1622  6507
 5029   821  4920  1013
 1581  3076  6347  5340
 5161  1644  5390  5393
 2470  5390  1644  6382
 1645   860  5640  5389
 5396  5397  5399   858
 4950  5396  5393  1650
 5399   858  5396  5397
 5397   863   863  1648
 1650  1656  5403  4950
 1657  5403  1656  5404
 1656  5404  1657  5403
 3597  1657  5404  6793
 4955  4942   839   366
  872  5426  1701   872
 1707  1706  5431  5432
  902  5429  1703  4963
 5429  5431  1706  1703
 2503  1742  5938  5939
 1742  1743  5445  5938
 1743  1746  5446  5445
 5451  5446  1746  1751
 1754  5451  1751  5454
 5454  1758  5458  1754
 5458  1754  5454  1758
 4962  5458  1758   899
 5482  5481  1811  1806
 5035  5484  1807  1020
 5481  5486  1019  1811
 5486  1816  5488  5038
 5488  5038  5486  1816
 5491  5490  1821  1823
 4991  1848  5505   961
 1848  1850  5504  5505
 5509  5504  1850  2296
 5515  5516  1873  2381
 5516  1875  5519  1873
 5519  1873  5516  1875
 1875  1877  5522  5519
 5522  5519  1875  1877
 1877   999  5524  5522
 5524  5522  1877   999
 5021  5524   999  1000
 5534  5023  1003  1004
 5537  5534  1004  1886
 2545  1802  1802  5971
 3195  2640  6022  6455
 4746  5052  1927  4745
 5561  5562  1054  1932
 5142  5561  1932  1252
 1054  1932  5561  5562
 5562  4775   484  1054
 5569  4757   476  2658
 5570  1947  5573  1063
 5573  1063  5570  1947
 1960  1961  5578  5059
 5578  5059  1960  1961
 1961  5570  1063  5578
 1962   478  5580  5581
 5580  5581  1962   478
 5585  4786  1967   493
 4013  1991  6057  7215
 5613  5614  2029  2724
 2071  2073  5629  5628
 5628  5095  2068  2071
 5629  5628  2071  2073
 2766  5629  2073  6097
 2085  4812   521  5637
 1176  3325  6568  5106
 5638  4948   847  3089
 4856  2088  5653  1182
 4232  2094  2094  6137
 2097  5169  6113  6852
 5640  5389  1645   860
 5650  2114  5240  2120
 1397  5650  2120  1397
 5653  1182  4856  2088
 2124  5653  2088  5654
 2088  5654  2124  5653
 5654  4199  4199  2124
  860  2129  2129  5640
 2129  5640   860  2129
 4178  2138  5663  5662
 5663  5662  4178  2138
 5664  5661  2137  2139
 5665  5664  2139  5666
 2138  5665  2140  5663
 2140  5663  2138  5665
 5666  4902   739  2140
 5673   740  4903  5676
 5672  5673   742  2144
 2154  2153  5684  5683
 5684  5683  2154  2153
 2702  2154  5683  5685
 5683  5685  2702  2154
 1195   543  5688  1195
 5688  1195  1195   543
 5689  5688  4823  2161
 2654  1049  5050  6029
 5692  5573  1947  2164
 5614  1219  4625  2029
 5695  3273  7137   566
 2198   572  4840  2198
 5668  5706   590  2143
 4684  4578   102   287
 5740  5131   953   952
 2296  2288  5743  5509
 2214   588  6177  6178
 2977  5182  2975  6248
 5743  5509  2296  2288
 2968  5743  2288  6240
 3003  1361  6063  6282
 2347  1422  5251  5786
 5251  5786  2347  1422
 5222  1374  5220  1379
 2378  5814  1619  5815
 5815  1620  6505  2378
 4623  5287   817   191
 2411  1512  5839  5842
 5839  5842  2411  1512
 1504  2412  5846  5847
 5846  5847  1504  2412
 1503  1504  5847  6325
 4923  1498  5852   792
 5290  5022  1002  1495
 5335  5866  1573  1572
 5866  2424  5867  1573
 5867  1573  5866  2424
 2425  2421  5869  5868
 2421  5867  2424  5869
 5869  5868  2425  2421
 2424  5869  2421  5867
 5321  2438  8201  5320
 4399  2446  5892  5891
 5893  5894  2447  5892
 2448  2447  5894  5895
 3573  5893  2446  6367
 3089  3094  6572  6571
 1706  1703  5429  5431
 3110  2496  6398  6397
 2496  2498  6399  6398
 5938  5939  2503  1742
 5445  5938  1742  1743
 2806  5969  4406  6127
 5971  5030  1011  2545
 1823  4994  2592  5491
  952  2953  6072  5740
 5505   961  4991  1848
 2845  6022  2640  6159
 4785  4792  2660   497
 6038   500  6036  2665
 3207  2671  6045  6044
 2673  6045  4761  6046
 4761  6046  2673  6045
 3122  2682  6052  6408
 6054  6052  2682  3220
 5076  6057  1991  1113
 1361  6061  2694  6063
 2703  2702  5685  6482
 6077  5613  2724  2727
 2755  3308  3308  6093
 3308  6093  2755  3308
 6095  2755  6093  2757
 2073  6097  2766  5629
 6097  6099  2769  2766
 2769  2766  6097  6099
 2778  2776  6106  6105
 2780  5157  5162  6109
 6106  6105  2778  2776
 6107  6106  2776  2780
 5162  6109  2780  5157
 3744  6107  6109  3744
 2098  2783  6114  6113
 2784  6114  2783  6115
 2783  6115  2784  6114
 6120   271  5155  2802
 2094  6137  4232  2094
 5661   458  4748  2137
 2833  6144  5710  6147
 6144  4846  1253  2831
 6150  2833  6147  2376
 2150  5692  2164  6152
 2640  6159  2845  6022
 6159  2145  6162  2845
 6162  2845  6159  2145
 2145  5684  2153  6162
 6165  2849  6167  2203
 6167  2203  6165  2849
 4238  3384  7213  7212
 5706  6177   588   590
 6177  6178  2214   588
 2924  2486  2486  6390
 2934  2938  6211  6210
 6211  6210  2934  2938
 5939  6211  2938  2503
 2938  2503  5939  6211
 6226  1807  5484  2952
 5180  2959  6671  1230
 2952  6232  3393  6226
 6233  6235   653  2962
 6240  2970  6243  2968
 6243  2968  6240  2970
 3407  6243  2970  6244
 2970  6244  3407  6243
 6245  4681  1317  2971
 6232  2214  6178  3393
 4580  2975  5182  1312
 2975  6248  2977  5182
 6259  6258  2987  3802
 2988  2987  6258  6263
 6266  2988  6263  2989
 2962  6266  2989  6233
 3533  3003  6282  6319
 3004  3006  5799  6371
 6293  2355  6290  6291
 1386  3018  6297  6299
 6306  2654  6029  1396
 6325  6323  2382  1503
 6333  5515  2381  1008
 6335  6333  1008  2380
 6336  6335  2380  1007
 1009  6336  1007  5025
 6347  5340  1581  3076
 6371  3071  6720  3004
 3076  3578  6773  6347
 1644  6382  2470  5390
 6390  6392  2264  2924
 6392  3108  6396  2264
 6396  2264  6392  3108
 6397  6396  3108  3110
 3108  3110  6397  6396
 6398  6397  3110  2496
 6399  6398  2496  2498
 2498  3870  6816  6399
 3120  3122  6408  6817
 6052  6408  3122  2682
 2540  3926  6820  6425
 4169  6415  3148  6417
 6425  5537  1886  2540
 3175  6433  2557  6828
 6434  3177  6436  5482
 6433  6434  1806  2557
 3177  3706  6435  6436
 6435  6436  3177  3706
 2592  5491  1823  4994
  493   474  4756  5585
 6455  5071  1095  3195
 2665  6474  3219  6038
 3219  6038  2665  6474
 3225  2703  6482  6485
 3253  1621  6507  6504
 6505  2378  5815  1620
 1622  6507  1621  5367
 6521  6072  2953  4096
 6072  5740   952  2953
 3985  6526  2735  7177
 6526  2085  5637  2735
 6542  2769  6099  3294
 2203  6542  3294  6165
 6568  5106  1176  3325
 6572  6571  3089  3094
 3336  6572  3094  6863
 5842  6126  6127  2411
 2802  2777  6586  6120
 3353  6586  2777  6588
 2777  6588  3353  6586
 3362  2097  6852  6931
 6602  3376  6604  3378
 6603  6602  3378  3377
 3378  3377  6603  6602
 3377  3565  6756  6603
 6604  3378  6602  3376
 6613  6167  2849  3764
 5662  3437  6643  4178
 6244  3412  6626  3407
 6626  3407  6244  3412
 3437  3432  3432  6643
 3432  6643  3437  3432
 2984  6650  3064  6686
 3465  2934  6210  6660
 6210  6660  3465  2934
 2971  3498  6677  6245
 6677  6245  2971  3498
 3804  2984  6686  6685
 4122  6689  7349  7350
 6689  6150  2376  3841
 3513  3512  6697  6698
 6697  6698  3513  3512
 6698  6095  2757  3513
 2428  6708  3528  5870
 6708  3530  6920  3528
 3531  2347  5786  6710
 5786  6710  3531  2347
 3512  6718  3540  6697
 6720  3004  6371  3071
 5799  6371  3004  3006
 6729  8858  3838  8857
 3695  6735  3062  6867
 3065  3550  6738  6737
 3528  5870  2428  6708
 3565  3566  6757  6756
 6757  6756  3565  3566
 6766  3573  6367  3574
 3577  6766  3574  6769
 3574  6769  3577  6766
 3071  3577  6769  6720
 6773  6347  3076  3578
 3078  6773  3578  6375
 3578  6375  3078  6773
 3064  6686  2984  6650
 6769  6720  3071  3577
 6800  3611  6801  3610
 6801  3610  6800  3611
 3883  6801  3611  6945
 3607  3883  6945  3607
 3631  3207  6044  6814
 6817  6816  3870  3120
 6408  6817  3120  3122
 6820  6425  2540  3926
 6828  3506  3506  3175
 2557  6828  3175  6433
 3764  6841  1193  6613
 6842  5695   566  4656
 6847   618  5149  3667
 4199  2124  5654  4199
 3094  6863  3336  6572
 6650  3065  6737  3064
 3282  6894  2727  3282
 3706  6077  6894  6435
 6906  6842   231  3950
 3539  4263  7542  7020
 3725  3724  7192  7191
 6920  3528  6708  3530
 3724  6920  3530  7192
 6924  6757  3566  3564
 6756  6603  3377  3565
 3667  3739  3739  6847
 3743  2778  6105  3743
 6105  3743  3743  2778
 6852  6931  3362  2097
 3746  2784  6115  3746
 6115  3746  3746  2784
 3371  3757  6940  7141
 3757  3339  3339  6940
 3339  6940  3757  3339
 6137  3631  6814  4232
 4648   231  4656   230
 6996  6677  3498  2963
 3498  2963  6996  6677
 6999  6998  3499  3816
 3499  3816  6999  6998
 8845  3828  3828  3826
 3835  7021  7020  7022
 7021  3540  6718  3539
 7020  7022  3835  7021
 7022  4030  7024  7025
 7024  7025  7022  4030
 7025  3836  7027  3835
 7027  3835  7025  3836
 7038  7037  7031  3839
 7042  3838  7037  4327
 4121  3840  7040  7635
 3844  3695  6868  7046
 7048  7049  3843  3846
 7049  3842  7289  7044
 7050  7048  3846  3560
 3847  3844  7046  7357
 3849  3848  7060  7059
 7060  7059  3849  3848
 4078  3996  9225  7273
 5821  5846  2412  3857
 3859  3531  6710  7079
 3980  3859  7079  7081
 7079  7081  3980  3859
 6816  6399  2498  3870
 3220  3635  7092  6054
 7092  6054  3220  3635
 4295  4013  7502  7221
 3611  6945  3883  6801
 3928  6820  3926  7124
 3926  7124  3928  6820
 7126  3928  7124  3929
 3929  4170  7128  7126
 7128  7126  3929  4170
 7137   566  5695  3273
 3945  7137  3273  3945
 3273  3945  3945  7137
 7141  6906  3950  3371
 6940  7141  3371  3757
 3975  4084  7173  7171
 3564  3975  7171  6924
 7171  6924  3564  3975
 7173  7171  3975  4084
 7177  7178  3981  3985
 3981  3985  7177  7178
 2735  7177  3985  6526
 3412  4032  7184  6626
 7184  6626  3412  4032
 7192  7191  3725  3724
 3530  7192  3724  6920
 7195  7196  4002  3999
 7213  7212  4238  3384
 7215  4293  7563  7502
 6841  7213  3384  5116
 4015  4001  7198  7217
 4298  4015  7217  7218
 7217  7218  4298  4015
 7221  7092  3635  4295
 4029  3336  6863  7233
 6863  7233  4029  3336
 4031  7027  3836  7243
 4032  4031  7243  7184
 7243  7184  4032  4031
 3836  7243  4031  7027
 4038  7024  4030  7246
 4030  7246  4038  7024
 6258  6263  2988  2987
 7266  3491  7000  4054
 4055  7266  7516  7515
 4253  4055  7581  7580
 4060  4078  7273  4060
 7303  3465  6660  4086
 4086  4089  7305  7303
 7305  7303  4086  4089
 4095  7173  4084  7312
 4084  7312  4095  7173
 7312  4099  7659  4095
 4109  4333  7640  7641
 7330  7325  4105  4114
 7339  7332  4111  4117
 4111  4117  7339  7332
 7178  7339  4117  3981
 3837  7344  4120  7033
 4127  4122  7350  4127
 7345  7346  9434  4121
 7349  7350  4122  6689
 3376  6800  3610  6604
  224  7379  4143  4836
 7379  4148  4148  4143
 4164  3353  6588  4164
 6931  4165  4165  3362
 4167  2806  6126  7406
 6126  7406  4167  2806
 7406  7407  3694  4167
 7409  3694  7407  4168
 4170  4169  6417  7128
 6417  7128  4170  4169
 6835  7409  4168  3653
 4168  3653  6835  7409
 3739  6847  3667  3739
 7460  2673  6046  2840
 2472  7460  2840  7461
 3325  5638  6571  6568
 6571  6568  3325  5638
 6436  5482  6434  3177
 6814  4232  6137  3631
 4252  7516  4054  4252
 7530  4279  7533  4036
 7534  4064  7295  4264
 7533  4036  7530  4279
 4264  7541  4275  7534
 7541  7542  4263  4275
 4263  4275  7541  7542
 7246  7535  4037  4038
 7535  7530  4036  4037
 7563  7502  7215  4293
 7567  7568  4241  4301
 4293  7576  4249  7563
 4250  4249  7576  7579
 4315  7581  7515  7600
 7568  7587  4300  4241
 4249  7563  4293  7576
 7580  7589  4308  4253
 7579  6996  2963  4250
 3816  7574  4306  6999
 7576  7579  4250  4249
 7574  4238  7212  4306
 7212  4306  7574  4238
 7600  4298  7218  4315
 7589  4300  7587  4308
 7587  4308  7589  4300
 4322  4302  4302  7622
 4353  7038  3839  7655
 7640  7641  4109  4333
 4338  7345  7635  7646
 7344  7643  4339  4120
 4337  4338  7648  7649
 7652  4109  7641  4334
 7655  7656  4331  4353
 7635  7646  4338  7345
 3839  7655  4353  7038
 4334  7672  7638  7652
 7679  7640  4333  4103
 4089  7683  4351  7305
 7683  4339  7643  4351
 7690  7691  4102  4354
 4327  7690  4354  7042
 4354  7042  4327  7690
 9436  6691  4131  4362
 4376  4029  7233  7744
 6588  4164  4164  3353
 4400  4399  5891  7786
 6415  4406  5969  3148
  107  4548   106  4577
   88    89  4560  4562
   89    83    83  4560
  251  1236  4662  4582
   92   251  4566  4567
 4579  4580  1312   111
 4581   253  4665   254
  287   285  4678  4683
 2671   178  4764  4761
 4625  2029  5614  1219
  194   223  4642  4640
 4641   226  4644  4645
 4640  4641  4821   194
 4645  4648   230   237
 4644  4645  4641   226
  572  4559    80  4840
 4651  4823   543  4821
 4657   244  4658    91
 4658    91  4657   244
 1230    92  4567  5180
 1253  2831  6144  4846
  272   265  5151  5158
  675  4678   285  4679
  285  4679   675  4678
  327   326   326  4694
 4694  4693   330   327
 4693   752  4910   330
  366   365   365  4955
 4715   390  4964   388
  402   514  4621  4717
  173  4748   458  4746
 1049   477  5051  5050
 1064  4764   178  4762
 1052  1927  5052  1052
  486   484  4775  4774
  483   486  4774  4773
  484  1054  5562  4775
 4773   173  4745   483
  489  1095  5071  5070
  476  2658  5569  4757
 1967   493  5585  4786
  497   494  4784  4785
 4784  4785   497   494
 2660   497  4785  4792
  544  4625  1219   544
  192  4819   535  4622
 4821   194  4640  4641
 4836  4642   223   224
   80  4840   572  4559
  590  2143  5668  5706
  619  4860   623  4857
 4860  5151   265   623
 2099  5111  1185  5108
  858  2099  5167  5161
 1338  4714   389  1338
  710   715   715  4888
  360   737  4898  4899
  752   755  4911  4910
 4911  4910   752   755
 4921  4922   785  1591
 5340   783  5351  1581
  814  1588  5346  5304
 1526   814  5304  5306
  350   817  5287  5286
 4942   841  4945   839
  365  4955   366   365
  389  1338  1338  4714
 4621  4717   402   514
  958  4989   960   958
  999  1000  5021  5524
 1495  5021  1000  5290
 1007  5025  1009  6336
 1019  1811  5481  5486
 1030  1023  5037  5043
 5490  1030  5043  1821
 5045  5488  1816  1027
 1037  5044  1035  1037
 5044  5045  1027  1035
 5051  5050  1049   477
 4748  2137  5661   458
 1063  5578  1961  5570
  521  5637  2085  4812
 4945   839  4942   841
 1185  5108  2099  5111
 5116  4658   244  1193
  739  2140  5666  4902
 5151  5158   272   265
 2776  2780  6107  6106
 5163  5167  5168  1274
 5158  5163  1274  5162
  653  2962  6233  6235
 2985  3804  6685  6982
 2987  3802  6259  6258
 5220  1379  5222  1374
  737  1409  5237  4898
 2120  1397  1397  5650
 5240  2120  5650  2114
 5243  5240  2114  5237
 1395  5243  1409  5244
 1425  1432  5256  5255
 5256  5255  1425  1432
 5677  2377  8153   744
 4903  5676  5673   740
 8153   744  5677  2377
 2068  2071  5628  5095
 1468   757  5275  5279
 4899  5288  8206   360
 1499  2382  6323  5854
 2382  1503  6325  6323
 3857  2384  5820  5821
 2412  3857  5821  5846
 5304  5306  1526   814
 8180  5839  1512  8179
 2384  8180  8179  5820
 5315  1510  1510  1547
 1510  1547  5315  1510
 5320  5315  1547  1549
 8201  5320  5321  2438
 1549  1548  5322  5321
 5288  8201  2438  8206
 2438  8206  5288  8201
 1588  4921  1591  5346
 1590   815  4931  5350
  783  1590  5350  5351
 5351  1581  5340   783
 5350  5351   783  1590
  785  1591  4921  4922
 4931  5350  1590   815
 1620  3253  6504  6505
 1619  5815  2378  5814
 5219  5799  3006  1373
 5389  5399  1648  1645
 5393  1650  4950  5396
 5390  5393  5161  1644
 5403  4950  1650  1656
 1660  3597  6793  1660
 5431  5432  1707  1706
 5432  1701  5426  1707
 5446  5445  1743  1746
 1746  1751  5451  5446
 1751  5454  1754  5451
 1811  1806  5482  5481
 1806  2557  6433  6434
 5484  2952  6226  1807
 1816  1027  5045  5488
 4989  4991   961   960
 5504  5505  1848  1850
 1850  2296  5509  5504
 2381  1008  6333  5515
 1886  2540  6425  5537
 1011  2545  5971  5030
 4757  4756   474   476
  470  5580   478  4793
 4756  5585   493   474
  500  1962  5581  6036
 5581  6036   500  1962
 6036  2665  6038   500
 4898  4899   360   737
 2144  5668  2143  5672
 2143  5672  2144  5668
 2161  2150  6152  5689
 4823  2161  5689  5688
 1947  2164  5692  5573
 2164  6152  2150  5692
 5710  6147  2833  6144
 5707  5710  2831   255
 1236  5707   255  4662
 2264  2924  6390  6392
 2355  6289  8860  6290
 6289  5222  1379  3011
 3018  6293  3016  6297
 2356  2357  6303  6300
 3016  6297  3018  6293
 3840  3016  6291  7040
 1379  3011  6289  5222
 5820  5821  3857  2384
 8179  5820  2384  8180
 1512  8179  8180  5839
 5852   792  4923  1498
 5854  5852  1498  1499
 5865  4931   815  1526
 5864  5865  5306  3058
 5868  2428  5870  2425
 5870  2425  5868  2428
  781  2432  2432  5330
 5891  7786  4400  4399
 5892  5891  4399  2446
 2447  5892  5893  5894
 5895  5864  3058  2448
 5894  5895  2448  2447
 3062  6867  3695  6735
 6867  1619  5814  6868
 5426  1707  5432  1701
 2486  6390  2924  2486
 1802  5971  2545  1802
 6022  6455  3195  2640
 6029  1396  6306  2654
 5050  6029  2654  1049
 3653  3219  6474  6835
 5070  5569  2658   489
 6045  6044  3207  2671
 2682  3220  6054  6052
 1991  1113  5076  6057
 6485  2694  6061  3225
 6482  6485  3225  2703
 2694  6063  1361  6061
 5685  6482  2703  2702
 2727  3282  3282  6894
 2724  2727  6077  5613
 2029  2724  5613  5614
 5637  2735  6526  2085
 6099  3294  6542  2769
 6109  3744  3744  6107
 1274  5162  5158  5163
 6127  2411  5842  6126
 6147  2376  6150  2833
 6152  5689  2161  2150
 2153  6162  2145  5684
 2849  3764  6613  6167
 6178  3393  6232  2214
 2953  4096  6521  6072
 6235  4868   654   653
 2288  6240  2968  5743
 1317  2971  6245  4681
 6263  2989  6266  2988
 6063  6282  3003  1361
 6297  6299  1386  3018
 6300  1386  6299  2356
 6303  6300  2356  2357
 2377  8631  8895  8153
 5676  5677   744   742
 5244  6306  1396  1395
 2139  5666  5665  5664
 6367  3574  6766  3573
 2446  6367  3573  5893
 6323  5854  1499  2382
 1553  3078  6375  5324
 7289  7044  7049  3842
 7044  3062  6735  3843
 6737  3064  6650  3065
 6738  6737  3065  3550
 6375  5324  1553  3078
 6711  4131  6691  3534
 6282  6319  3533  3003
 6319  3535  6713  3533
 3535  6711  3534  6713
 3870  3120  6817  6816
 3148  6417  4169  6415
 3694  4167  7406  7407
 5969  3148  6415  4406
 3647  3911  9509  7067
 3550  3647  7067  6738
 6061  3225  6485  2694
 6382  2472  7463  2470
 6504  6505  1620  3253
 6507  6504  3253  1621
 3393  6226  2952  6232
 3294  6165  2203  6542
 3999  3725  7191  7195
 6586  6120  2802  2777
 3610  6604  3376  6800
 1193  6613  3764  6841
  244  1193  5116  4658
 6643  4178  5662  3437
 6671  1230  5180  2959
 3491  6671  2959  7000
 6248  3499  6998  2977
 6093  2757  6095  2755
 2757  3513  6698  6095
 3540  6697  3512  6718
 6713  3533  6319  3535
 3534  6713  3535  6711
 6691  3534  6711  4131
 6718  3539  7021  3540
 8860  6290  2355  6289
 8859  8860  3011  8611
 8857  8859  8611  6729
 3838  8857  6729  8858
 8858  3837  7033  7031
 6299  2356  6300  1386
 2376  3841  6689  6150
 8895  8153  2377  8631
 8631  6303  2357  8895
 2357  8895  8631  6303
 9434  4121  7345  7346
 7067  6738  3550  3647
 3566  3564  6924  6757
 3828  3826  8845  3828
 5404  6793  3597  1657
 6793  1660  1660  3597
 6044  6814  3631  3207
 3635  4295  7221  7092
 6474  6835  3653  3219
 6046  2840  7460  2673
 6113  6852  2097  5169
 6114  6113  2098  2783
 6894  6435  3706  6077
 6660  4086  7303  3465
 6945  3607  3607  3883
 9088  2985  6982  9090
 3802  9088  9090  6259
 6982  9090  9088  2985
 9090  6259  3802  9088
 6685  6982  2985  3804
 6686  6685  3804  2984
 7000  4054  7266  3491
 2959  7000  3491  6671
 6998  2977  6248  3499
 7031  3839  7038  7037
 7033  7031  8858  3837
 4120  7033  3837  7344
 4339  4120  7344  7643
 7037  4327  7042  3838
 6290  6291  6293  2355
 9433  7349  3841  9146
 3841  9146  9433  7349
 6735  3843  7044  3062
 5814  6868  6867  1619
 3843  3846  7048  7049
 3842  4066  7522  7289
 6868  7046  3844  3695
 3848  3847  7357  7060
 3846  3560  7050  7048
 9169  3849  7059  3850
 5847  6325  1503  1504
 6710  7079  3859  3531
 7124  3929  7126  3928
 3950  3371  7141  6906
 4117  3981  7178  7339
 7081  7330  4114  3980
 9225  7273  4078  3996
 9244  9225  3996  9227
 3996  9227  9244  9225
 9516  9240  9510  9241
 9510  9241  9516  9240
 4002  3999  7195  7196
 4001  4002  7196  7198
 4241  4301  7567  7568
 4300  4241  7568  7587
 7196  7198  4001  4002
 7198  7217  4015  4001
 7191  7195  3999  3725
 6057  7215  4013  1991
 4301  4311  7611  7567
 4036  4037  7535  7530
 4037  4038  7246  7535
 4275  7534  4264  7541
 2989  6233  2962  6266
 4054  4252  4252  7516
 4279  3813  3813  7533
 7295  4264  7534  4064
 3560  7295  4064  7050
 4064  7050  3560  7295
 4266  4376  7744  7521
 4066  4266  7521  7522
 7521  7522  4066  4266
 7522  7289  3842  4066
 7659  4095  7312  4099
 7656  7659  4099  4331
 4103  4348  4348  7679
 4331  4353  7655  7656
 4099  4331  7656  7659
 7338  6521  4096  4116
 4333  4103  7679  7640
 4114  3980  7081  7330
 4105  4114  7330  7325
 7691  4105  7325  4102
 4116  7638  4113  7338
 4096  4116  7338  6521
 4335  4111  7332  7645
 4113  7338  4116  7638
 4346  4113  7672  7650
 7346  9433  9146  9434
 9146  9434  7346  9433
 9660  8845  3826  9445
 3826  9445  9660  8845
 7357  7060  3848  3847
 7046  7357  3847  3844
 7059  3850  9169  3849
 4148  4143  7379  4148
 4165  3362  6931  4165
 7407  4168  7409  3694
 7461  3782  3782  7463
 2840  7461  2472  7460
 7463  2470  6382  2472
 3782  7463  7461  3782
 3506  3175  6828  3506
 4311  4320  7615  7611
 7502  7221  4295  4013
 4306  6999  3816  7574
 7515  7600  4315  7581
 7516  7515  4055  7266
 4308  4253  7580  7589
 9509  7067  3647  3911
 9240  9509  3911  9510
 3911  9510  9240  9509
 7273  4060  4060  4078
 9241  9244  9227  9516
 9227  9516  9241  9244
 3813  7533  4279  3813
 7542  7020  3539  4263
 2963  4250  7579  6996
 7218  4315  7600  4298
 7581  7580  4253  4055
 4320  4322  7622  7615
 7622  7615  4320  4322
 4302  7622  4322  4302
 7611  7567  4301  4311
 7615  7611  4311  4320
 6291  7040  3840  3016
 7638  7652  4334  7672
 7350  4127  4127  4122
 7650  4337  7649  4346
 7646  4335  7645  7648
 7648  7649  4337  4338
 7643  4351  7683  4339
 4102  4354  7690  7691
 7325  4102  7691  4105
 7040  7635  4121  3840
 7645  7648  7646  4335
 7332  7645  4335  4111
 7649  4346  7650  4337
 7672  7650  4346  4113
 7641  4334  7652  4109
 4348  7679  4103  4348
 4351  7305  4089  7683
 4131  4362  9436  6691
 9638  4358  4358  9639
 4362  9638  9639  9436
 9445  9659  9706  9660
 9706  9660  9445  9659
 9639  9436  4362  9638
 4358  9639  9638  4358
 9659  9169  3850  9706
 3850  9706  9659  9169
 7744  7521  4266  4376
 7233  7744  4376  4029
10611  9800 10634  9761
 9768  9843 10656 10657
 9769  9768 10657 10661
10633 10632  9804  9803
10634  9761 10611  9800
 9800  9944 10636 10634
10636 10634  9800  9944
10638 10611  9761  9806
10656 10657  9768  9843
 9846 10656  9843 10658
 9843 10658  9846 10656
10658  9847 10659  9846
10659  9846 10658  9847
10657 10661  9769  9768
10044 10043 10768 10717
10043  9894 10684 10683
10684 10683 10043  9894
 9893 10684  9894 10715
 9954 10044 10717 10716
 9907 10609 10694 10692
10693 10694  9786 10022
10698  9769 10661  9934
 9931  9932 10703 10880
 9932 10698  9934 10703
 9934 10703  9932 10698
 9936  9935 10705 10704
10497  9936 10704 10707
10705 10704  9936  9935
 9938 10705  9935 10883
 9941  9938 10883 10885
 9948 10636  9944  9948
10715 10638  9806  9893
 9806  9893 10715 10638
 9894 10715  9893 10684
10717 10716  9954 10044
10716  9956 10718  9954
10718  9954 10716  9956
 9958 10718  9956 10720
 9956 10720  9958 10718
10735  9992  9992  9995
10002 10003 10739 10738
10006 10008 10740 10741
10740 10741 10006 10008
10254 10740 10008 10743
10008 10743 10254 10740
10319 10693 10022 11024
10028 10027 10756 10755
10756 10755 10028 10027
10029 10028 10755 10760
10189 10029 10760 10761
10755 10760 10029 10028
10760 10761 10189 10029
10683 10040 10767 10768
10767 10768 10683 10040
10768 10717 10044 10043
10769 10770 10182 10047
10771 10769 10047 10049
10055 10771 10049 10854
10206 10068 10860 10861
10068 10330 10964 10864
 9754 10961 11324 10783
10073  9941 10885 10073
10162 10633  9803 10897
10127 10659  9847 10127
10157 10002 10738 10820
10820 10735  9995 10157
10738 10820 10157 10002
10741 10255 10825 10006
10255 10182 10770 10825
10770 10825 10255 10182
10191 10189 10761 10851
10761 10851 10191 10189
10854 10853 10054 10055
10049 10854 10055 10771
10201 10860 10864 10862
10869 10868 10412 10205
10205  9754 10783 10869
10783 10869 10205  9754
10703 10880  9931  9932
 9935 10883  9938 10705
10883 10885  9941  9938
10885 10073 10073  9941
10720 10497 10707  9958
10897 10254 10743 10162
10743 10162 10897 10254
10290 10314 10928 10927
10928 10927 10290 10314
10927 10739 10003 10290
10317 10173 10904 10944
10944 10945 10403 10317
10326 10325 10953 10954
10190 10326 10955 10758
10953 10954 10326 10325
10040 10955 10954 10767
10955 10758 10190 10326
10954 10767 10040 10955
10430 10206 10861 10959
10961  9907 10962 11324
10173 10191 10851 10904
10851 10904 10173 10191
10363 10438 11065 10987
10987 10364 10988 10363
10463 10403 10945 11016
11033 10201 10862 10429
10431 10412 10868 11055
10429 11056 11486 11033
10868 11055 10431 10412
11056 11133 11483 11486
11058 10430 10959 10432
10433 10431 11055 11060
10880 11062 10434  9931
11065 10987 10363 10438
11016 10928 10314 10463
10314 10463 11016 10928
11092 10564 11250 10409
10564 11095 10408 11250
10434  9931 10880 11062
11062 10468 11098 10434
10468 10988 10364 11098
10364 11098 10468 10988
11098 10434 11062 10468
10484 10361 11126 11118
11118 11065 10438 10484
11133 11484 10527 11483
11137 11136 11632 10525
10707  9958 10720 10497
10487 11150 11173 11124
11150 11115 10488 10513
11172 11173 10513 10543
11745 10526 11198 11199
10532 10531 11205 11208
11183 11182 10538 10550
11197 11195 11726 10551
11198 11199 11745 10526
10541 10532 11208 11211
11182 10539 11188 10538
11220 11183 10550 10499
10853 11220 10499 10054
 9761  9806 10638 10611
10704 10707 10497  9936
 9804  9803 10633 10632
10632 10098 10098  9804
10661  9934 10698  9769
10694 10692  9907 10609
 9944  9948  9948 10636
 9992  9995 10735  9992
 9995 10157 10820 10735
10003 10290 10927 10739
10739 10738 10002 10003
10022 11024 10319 10693
11024 10023 11424 10319
10027 10190 10758 10756
10758 10756 10027 10190
10054 10055 10854 10853
10499 10054 10853 11220
10550 10499 11220 11183
10864 10862 10201 10860
10962 11324 10961  9907
11324 10783  9754 10961
10330 10962 10692 10964
10098  9804 10632 10098
 9847 10127 10127 10659
10825 10006 10741 10255
10964 10864 10068 10330
10412 10205 10869 10868
 9803 10897 10162 10633
10904 10944 10317 10173
10945 11016 10463 10403
10403 10317 10944 10945
10692 10964 10330 10962
10860 10861 10206 10068
10325 10488 11115 10953
11115 10953 10325 10488
10438 10484 11118 11065
10988 10363 10987 10364
11424 10319 11024 10023
11432 11092 10409 11427
10409 11427 11432 11092
10023 11432 11427 11424
11427 11424 10023 11432
11250 10409 11092 10564
10862 10429 11033 10201
10408 11250 10564 11095
10959 10432 11058 10430
10861 10959 10430 10206
10527 11483 11133 11484
11483 11486 11056 11133
11486 11033 10429 11056
11726 10551 11197 11195
11055 11060 10433 10431
10361 10487 11124 11126
10466 10408 11095 11094
11095 11094 10466 10408
10510 10466 11094 10510
11124 11126 10361 10487
11126 11118 10484 10361
11582 11172 10543 11581
10432 11582 11581 11058
11094 10510 10510 10466
10513 10543 11172 11173
10488 10513 11150 11115
10539 11137 10525 11188
11632 10525 11137 11136
11136 10433 11060 11632
11060 11632 11136 10433
10526 11205 10531 11198
11173 11124 10487 11150
10529 10541 11211 10529
10538 10550 11183 11182
11188 10538 11182 10539
11581 11058 10432 11582
10543 11581 11582 11172
10525 11188 10539 11137
11195 10527 11484 11726
11484 11726 11195 10527
11751 11197 10551 11743
10551 11743 11751 11197
11743 11745 11199 11751
11199 11751 11743 11745
10531 11198 10526 11205
11208 11211 10541 10532
11205 11208 10532 10531
11211 10529 10529 10541
 9722  9721 11814 11815
 9721  9720 11813 11814
 9720   986  4445 11813
  986  1865  4444  4445
 1865  3504  4447  4444
 3504  3811  4519  4447
 3811  9399 11805  4519
 9399  3812  4518 11805
 3812  9400 11806  4518
 9400  3814  4520 11806
 3814  9322 11809  4520
 9322  9324 11808 11809
 9324  9325 11807 11808
 9325  3815  4525 11807
 3815  9387 11810  4525
 9387  4067  4527 11810
 4067  9521 11811  4527
 9521  4532  4277 11811
 4532  4531  4276  4277
 4531  4526  4062  4276
 4526  4515  4076  4062
 4515  4499  3561  4076
 4499  8674 11800  3561
 8674  8673 11799 11800
 8673  8672 11798 11799
 8672 11801  8949 11798
11801  4500  3055  8949
11904 10145  4537 12249
 4500 11904 12249  3055
 9895 11997 11823  4535
11997  9724 11773 11823
 9724  4442  1048 11773
 4442  1765  4476  1048
 1765   407  4437  4476
  407  4465  1784  4437
 4465  1783  4464  1784
 1783  2527  4487  4464
 2527  3124  4504  4487
 3124 11803  8715  4504
11803  4503  3119  8715
 4503  4486  2523  3119
 4486 11793  8500  2523
11793 11794  8503  8500
11794 11795  8499  8503
11795  4463  2521  8499
 4463 11817  8267  2521
11817 11818  8268  8267
11818 11819  8263  8268
11819  1774  4461  8263
 1774 11777  8270  4461
11777 11778  8276  8270
11778 11779  8280  8276
11779 11780  8279  8280
11780 11781  8269  8279
11781   942  4462  8269
  942   414  4443  4462
  414 11767  8283  4443
11767  4452  2990  8283
 4452 11816  8114  2990
11816  1360  4451  8114
 1360 11776  9730  4451
11776  4490  2693  9730
 4490  4475  2692  2693
 4475  4450   745  2692
 4450  1196  4456   745
 1196  8335 11775  4456
 8335  1916  4474 11775
 1916  8344 11774  4474
 8344  4449  1096 11774
 1095  3195  6455  5071
 4449 11786  8757  1096
11786  4438  1977  8757
 2658   489  5070  5569
 4438  2344  4477  1977
 2344  8532 11787  4477
 8532  1364  4453 11787
 1364  1365  4455  4453
 1365  1367  4454  4455
 1367  2370  4480  4454
 2370   833  4479  4480
  833  8446 11768  4479
 8446   834  4441 11768
  834  7971 11770  4441
 7971 11769  8247 11770
11769  1640  4460  8247
 1640  4440   800  4460
 4440  1521  4439   800
 1521  4473  1896  4439
 4473  4469  1895  1896
 4469  8319 11820  1895
 8319  1887  4468 11820
 1887  4470  1888  4468
 4470  4471  3142  1888
 4471  3144  4505  3142
 3144  9731 11782  4505
 9731  4472  1889 11782
 4472 11783  9732  1889
11783 11784  9733  9732
11784 11785  9734  9733
11785  4488  1890  9734
 4488 11796  9736  1890
11796  4466  2541  9736
 4466  4467  1794  2541
 4467  4489  1514  1794
 4489  4482  1513  1514
 4482  8456 11821  1513
 8456  2387  4481 11821
 2387  2386  4483  4481
 2386  8767 11790  4483
 8767  8769 11789 11790
 8769  8770 11788 11789
 8770  3256  4507 11788
 3256  3038  4506  4507
 3038  8944 11797  4506
 8944  3555  4513 11797
 3555  3553  4514  4513
 3553  4056  4523  4514
 4056  4053  4522  4523
 4053  4255  4524  4522
 4255  4530  4256  4524
 4530  4521  3853  4256
 4521  9177 11804  3853
 9177  4512  3549 11804
 4512  4496  2414  3549
 4496  2415  4484  2414
 2415  8664 11791  4484
 8664  3047  4459 11791
 3047  3048  4497  4459
 3048  4458  1525  4497
 4458  1528  4457  1525
 1528  3050  4498  4457
 3050  3572  4516  4498
 3572  3563  4538  4516
 3563 11802  9175  4538
11802  4501  3056  9175
 4501  8676 11822  7789
12250  4537  4536 12462
 8676 12250 12462 11822
 4537 12249 11904 10145
12249  3055  4500 11904
 3055  8949 11801  4500
 8949 11798  8672 11801
11798 11799  8673  8672
11799 11800  8674  8673
11800  3561  4499  8674
 3561  4076  4515  4499
 4076  4062  4526  4515
 4062  4276  4531  4526
 4276  4277  4532  4531
 4277 11811  9521  4532
11811  4527  4067  9521
 4527 11810  9387  4067
11810  4525  3815  9387
 4525 11807  9325  3815
11807 11808  9324  9325
11808 11809  9322  9324
11809  4520  3814  9322
 4520 11806  9400  3814
11806  4518  3812  9400
 4518 11805  9399  3812
11805  4519  3811  9399
 4519  4447  3504  3811
 4447  4444  1865  3504
 4444  4445   986  1865
 4445 11813  9720   986
11813 11814  9721  9720
11814 11815  9722  9721
 4539 12319 12729  9895
12319  4409 10579 12729
12320  4539  4535 12728
11815 12320 12728  9722
 4409  4446 10552 10579
 4446  4448  9896 10552
 4448   172 10577  9896
  172  4433  9787 10577
 4433    77 10571  9787
   77   181 10572 10571
  181  4436  9756 10572
 4436  4435  9755  9756
 4435  4434 10610  9755
 4434   403 10567  9747
  403  4432  9748 10567
 4432    50 10568  9748
   50   135 10569 10568
  135   680 10575 10569
  680   398 10576 10575
  398   392 10570 10576
  392  7898 11766 10570
 7898   393 10573 11766
  393   915 10574 10573
  915  7983 11771 10574
 7983   916 10583 11771
  916  9003 11772 10583
 9003  3609 10589 11772
 3609  4130 10598 10589
 4130  4534 10509 10598
 4534  4533 10503 10509
 4533  9584 11812 10503
 9584  4491 10491 11812
 4491  4508 10427 10491
 4508  4082 10596 10427
 4082  4087 10597 10596
 4087  4529 10505 10597
 4529  4528 10495 10505
 4528  4511 10448 10495
 4511  4509 10382 10448
 8611  6729  8857  8859
 3011  8611  8859  8860
 4509  4517 10414 10382
 4517  4494 10407 10414
 4494  4478 10282 10407
 4478  4493 10281 10282
 1373  5220  1374  5219
 4493  4492 10280 10281
 3006  1373  5219  5799
 4492  3005 10587 10280
 3005  3543 10586 10587
 3543  4510 10375 10586
 4510  3029 10588 10375
 3029  4502 10284 10588
 4502  4495 10283 10284
 4495  4485 10286 10283
 4485  2467 10581 10286
 2467  8694 11792 10581
12463  4536 10145 12834
 8694 12463 12834 11792
 4536 12462 12250  4537
12462 11822  8676 12250
11822  7789  4501  8676
 7789 12470 12471  3056
12470  4400  7786 12471
12471  3056  7789 12470
 7786 12471 12470  4400
 3056  9175 11802  4501
 9175  4538  3563 11802
 4538  4516  3572  3563
 4516  4498  3050  3572
 4498  4457  1528  3050
 4457  1525  4458  1528
 1525  4497  3048  4458
 4497  4459  3047  3048
 4459 11791  8664  3047
11791  4484  2415  8664
 4484  2414  4496  2415
 2414  3549  4512  4496
 3549 11804  9177  4512
11804  3853  4521  9177
 3853  4256  4530  4521
 4256  4524  4255  4530
 4524  4522  4053  4255
 4522  4523  4056  4053
 4523  4514  3553  4056
 4514  4513  3555  3553
 4513 11797  8944  3555
11797  4506  3038  8944
 4506  4507  3256  3038
 4507 11788  8770  3256
11788 11789  8769  8770
11789 11790  8767  8769
11790  4483  2386  8767
 4483  4481  2387  2386
 4481 11821  8456  2387
11821  1513  4482  8456
 1513  1514  4489  4482
 1514  1794  4467  4489
 1794  2541  4466  4467
 4406  6127  2806  5969
 2541  9736 11796  4466
 9736  1890  4488 11796
 1890  9734 11785  4488
 9734  9733 11784 11785
 9733  9732 11783 11784
 9732  1889  4472 11783
 1889 11782  9731  4472
11782  4505  3144  9731
 4505  3142  4471  3144
 3142  1888  4470  4471
 1888  4468  1887  4470
 4468 11820  8319  1887
11820  1895  4469  8319
 1895  1896  4473  4469
 1896  4439  1521  4473
 4439   800  4440  1521
  800  4460  1640  4440
 4460  8247 11769  1640
 8247 11770  7971 11769
11770  4441   834  7971
 4441 11768  8446   834
11768  4479   833  8446
 4479  4480  2370   833
 4480  4454  1367  2370
 4454  4455  1365  1367
 4455  4453  1364  1365
 4453 11787  8532  1364
11787  4477  2344  8532
 4477  1977  4438  2344
 1977  8757 11786  4438
 8757  1096  4449 11786
 1096 11774  8344  4449
11774  4474  1916  8344
 4474 11775  8335  1916
11775  4456  1196  8335
 4456   745  4450  1196
  745  2692  4475  4450
 2692  2693  4490  4475
 2693  9730 11776  4490
 9730  4451  1360 11776
 4451  8114 11816  1360
 8114  2990  4452 11816
 2990  8283 11767  4452
 8283  4443   414 11767
 4443  4462   942   414
 4462  8269 11781   942
 8269  8279 11780 11781
 8279  8280 11779 11780
 8280  8276 11778 11779
 8276  8270 11777 11778
 8270  4461  1774 11777
 4461  8263 11819  1774
 8263  8268 11818 11819
 8268  8267 11817 11818
 8267  2521  4463 11817
 2521  8499 11795  4463
 8499  8503 11794 11795
 8503  8500 11793 11794
 8500  2523  4486 11793
 2523  3119  4503  4486
 3119  8715 11803  4503
 8715  4504  3124 11803
 4504  4487  2527  3124
 4487  4464  1783  2527
 4464  1784  4465  1783
 1784  4437   407  4465
 4437  4476  1765   407
 4476  1048  4442  1765
 1048 11773  9724  4442
11773 11823 11997  9724
11823  4535  9895 11997
 4535 12728 12320  4539
12728  9722 11815 12320
10047 10049 10771 10769
10182 10047 10769 10770
10145 12834 12463  4536
12834 11792  8694 12463
11792 10581  2467  8694
10581 10286  4485  2467
10286 10283  4495  4485
10283 10284  4502  4495
10284 10588  3029  4502
10588 10375  4510  3029
10375 10586  3543  4510
10586 10587  3005  3543
10587 10280  4492  3005
10280 10281  4493  4492
10281 10282  4478  4493
10282 10407  4494  4478
10407 10414  4517  4494
10414 10382  4509  4517
10382 10448  4511  4509
10448 10495  4528  4511
10495 10505  4529  4528
10505 10597  4087  4529
10597 10596  4082  4087
10596 10427  4508  4082
10427 10491  4491  4508
10491 11812  9584  4491
11812 10503  4533  9584
10503 10509  4534  4533
10509 10598  4130  4534
10598 10589  3609  4130
10589 11772  9003  3609
11772 10583   916  9003
10583 11771  7983   916
11771 10574   915  7983
10574 10573   393   915
10573 11766  7898   393
11766 10570   392  7898
10570 10576   398   392
10576 10575   680   398
10575 10569   135   680
10569 10568    50   135
10568  9748  4432    50
 9748 10567   403  4432
 9786 10022 10693 10694
12939  9786 10609 12940
10567  9747  4434   403
 9747 12939 12940 10610
12940 10610  9747 12939
10609 12940 12939  9786
10610  9755  4435  4434
 9755  9756  4436  4435
 9756 10572   181  4436
10572 10571    77   181
10571  9787  4433    77
 9787 10577   172  4433
10577  9896  4448   172
 9896 10552  4446  4448
10552 10579  4409  4446
10579 12729 12319  4409
12729  9895  4539 12319
