980
  43  208   21   43
 205   21  208  154
 154  206   19  205
  19  205  154  206
  21   43   43  208
 208  154  205   21
 788 3478 6687  788
3862  978 6870 4707
3882 4437 4708 4647
4647 3903 4649 3882
4009 1024 4720 7023
1035 1028 4718 4724
1036 1035 4724 4722
1053 4105 4652 4653
4127 4152 7076 4655
4152 4172 4656 7076
4201 4181 4726 4727
4219 1084 4658 4657
4658 4657 4219 1084
1098 1077 4659 1098
4659 1098 1098 1077
1084  818 4661 4658
4661 4658 1084  818
 818 4252 4252 4661
4252 4661  818 4252
7446 3139 4674 5995
3139 3241 6471 4674
3279 3135 6549 6548
3280 3279 6548 6550
3288 3283 6558 6553
4677  937 6559 7273
4687 4686 3401 3403
3473 3404 4690 4689
4688 3407 6630 3445
4690 4689 3473 3404
 978  970 6822 6870
4707 4708 4437 3862
3903 1011 4715 4649
1011 4466 4716 4715
1017 4456 4712 4717
4717 4718 1028 1017
4466 4720 1024 4716
3968 1023 7006 7002
4724 4722 1036 1035
1038 4009 7023 7027
4028 4055 7030 7026
4488 1036 4722 7039
4123 1063 7090 7060
1063 4209 7112 7090
1073 4135 7078 4732
4726 4727 4201 4181
1077 1073 4728 4659
1092 4728 4732 4731
4728 4659 1077 1073
1087 4729 4217 1087
4217 1087 1087 4729
4732 4731 1092 4728
4731 4278 7155 1092
1195  758 4851 4857
1200 1195 4857 4866
1257 1381 4956 4961
1261 1257 4844 4843
1263 1261 4843 4845
1264 1263 4845 4847
1192 1264 4847 4848
4845 4847 1264 1263
1271 1279 4863 4859
1274 1273 1273 4860
4884 4882 1285 1287
1310 1311 4905 4907
4907 1322 1322 1310
1322 1310 4907 1322
4957 4956 1381 1511
4956 4961 1257 1381
4961 1399 4966 4844
4966 4844 4961 1399
1402 1543 4989 4988
1412 1402 4988 4990
1414 4989 5084 5008
4989 4988 1402 1543
1413 1412 4990 4886
 836 4997 5001 5002
5000 5001 1409  837
5001 5002  836 4997
1409  837 5000 5001
4998 1288 4883 1411
1415 1414 5008 5011
1311 1415 5011 4905
1470 1633 5179 5182
1643 1470 5182 5181
1469 1643 5181 5190
 839 1464 5183 5178
1875 1707 5364 5247
5067 5066 7661 1875
1397 5075 4307 1397
1516 1518 5237 5234
1772 5067 5247 5133
5085 5084 1543 1520
1521  840 5093 5249
5088 5085 1520 1772
5092 5093  840 1538
1530 1529 5255 5095
5109 1530 5095 1535
4311 5000  837 5113
 837 5113 4311 5000
5110 5092 1538 5109
7747 5088 5133 5132
1551 1553 5130 5129
5130 5129 1551 1553
5129 5131 1554 1551
5133 5132 7747 5088
5178 5179 1633  839
5182 5181 1643 1470
5179 5182 1470 1633
1633  839 5178 5179
5183 5178  839 1464
5181 5190 1469 1643
1464 1846 5331 5183
5197 1469 5190 1849
1863 1867 7981 5485
1510 1859 5344 5204
5204 5205 1707 1510
1738 5237 7189 5242
5237 5234 1516 1518
4316 1738 5242 4316
4315 5243 1743 7185
5247 5133 1772 5067
5243 5252 7816 1743
5093 5249 1521  840
5331 5183 1464 1846
1846 1960 5445 5331
1849 5344 1859 5197
1859 5197 1849 5344
5344 5204 1510 1859
5354 1865 5355 1862
5355 1862 5354 1865
5357 5355 1865 2008
5205 1876 5365 5364
5365 5364 5205 1876
2016 2010 5502 5379
2009 5365 1876 5498
1724 2016 5379 5380
5379 5380 1724 2016
5380 5389 1733 1724
2019 1733 5389 5395
5389 5395 2019 1733
1973 1958 5540 1973
1996 1863 5480 5479
1999 1996 5479 5482
2071 5480 5485 5486
5485 5486 2071 5480
5482 5487 2000 1999
2007 2000 5487 5491
5498 2007 5491 2009
5501 5502 2010 5357
5502 5379 2016 2010
5395 5513 2098 2019
2069 5354 1862 5543
2070 2192 5602 5547
5547 5501 2008 2070
5549 2071 5486 2074
2081 5549 2074 5557
2092 5500 2089 5571
5513 2170 5648 2098
2113 2109 5657 5658
2188 2113 5658 5662
5594 2188 5662 2311
2192 5594 2311 5602
5602 5547 2070 2192
5617 5615 2139 2141
2142 5617 2141 2142
2253 2165 5643 5644
2165 2092 5571 5643
5571 5643 2165 2092
5648 2098 5513 2170
2306 5657 2109 2306
5657 5658 2113 2109
5658 5662 2188 2113
2252 2253 5644 5734
2258 5648 2170 5742
2313 2312 5776 5775
5776 5775 2313 2312
5777 2191 5780 5776
5780 5776 5777 2191
2454 2315 5781 2454
5781 2454 2454 2315
2461 5794  870 5799
2332 2327 2327 5803
2327 5803 2332 2327
5805 5806 2336 2467
5806 2332 5803 2336
5830 5831 2366 2477
4357 2369 5851 5849
5851 5849 4357 2369
2369 5854 2373 5851
5887 2565 6014 2418
2644 5918 2453 5919
5927 6057 8229 5805
2467 2461 5799 5927
2470 5938 2334 5942
2334 5942 2470 5938
2486 5820 2476 5954
5954 5830 2477 2486
2487 2503 5971 5970
5971 5970 2487 2503
2511 5989 8279 5739
2768 2761 6187 6189
2565 2812 6214 6014
2648 2644 5919 6055
6057 2648 6055 8229
6084 6085 2896 2677
2677 2470 5942 6084
2903 2900 6244 6258
4366 2708 6119 6120
6119 6120 4366 2708
2712 4357 5849 6133
6133 6119 2708 2712
2761 2997 6188 6187
6188 6187 2761 2997
6187 6189 2768 2761
6193 2768 6189 2778
2778 2779 6195 6193
6195 6193 2778 2779
6196 6195 2779 3056
2796 6196 3056 6205
3056 6205 2796 6196
2804 2796 6205 6207
6205 6207 2804 2796
2812 2804 6207 6214
6214 6014 2565 2812
2867 2869 2869 6233
2869 6233 2867 2869
2892 2896 6085 6253
4365 6244 2900 6429
2889 2892 6253 6255
6085 6253 2892 2896
6258 2904 6265 2903
6265 2903 6258 2904
6267 6265 2904 2915
3115 2945 6435 6434
2945 2947 6438 6435
2997 3002 6356 6188
6356 6188 2997 3002
3212 2860 6419 6418
6419 6418 3212 2860
6233 6419 2860 2867
6426 4365 6429 3110
6429 3110 6426 4365
3227 6426 3110 6430
3113 3120 6440 6447
6435 6434 3115 2945
6438 6435 2945 2947
6434 6440 3120 3115
3239 3144 6469 6468
3143 6469 3144 7256
6471 4674 3139 3241
6477 6357 3169 3162
6418 3265 6541 3212
3228 3227 6430 6517
3229 3228 6518 6519
6430 6517 3228 3227
6517 3113 6447 6518
6447 6518 6517 3113
6518 6519 3229 3228
3283 3347 7273 6558
3241 6524 4384 6471
4384 6471 3241 6524
6537 3208 3208 3262
6541 3212 6418 3265
3270 3229 6519 6544
6519 6544 3270 3229
6544 3273 6591 3270
3273 3277 6593 6591
6547 6546  936 4382
6549 6548 3279 3135
3405 3282 6557 6598
6548 6550 3280 3279
6552 6549 3135 3239
6553 6554 3289 3288
6468 6557 3282 6552
6554 6477 3162 3289
6584 6537 3262 3339
3390 6584 3339 6586
3340 6541 3265 6589
3265 6589 3340 6541
6589 3393 6620 3340
6591 3270 6544 3273
6593 6591 3273 3277
6594 6593 3277 3344
3277 3344 6594 6593
6546 3400 6626  936
 937 6594 3344 6559
3344 6559  937 6594
3403 3405 6629 4687
6550 4677 3347 3280
6557 6598 3405 3282
6620 3340 6589 3393
3392 3394 6624 6651
3394 6620 3393 6622
3393 6622 3394 6620
3397 6624 6622 6625
6622 6625 3397 6624
3400 3502 6627 6626
6627 6626 3400 3502
6625 3399 6655 3397
6626  936 6546 3400
3399 3401 4686 6655
3404 6629 6598 4690
6629 4687 3403 3405
6598 4690 3404 6629
6651 3390 6586 3392
6624 6651 3392 3394
6655 3397 6625 3399
4686 6655 3399 3401
6630 3445 4688 3407
3478 4688 3445 6687
3528 3525 6725 6726
3502 3528 6702 6627
6702 6627 3502 3528
3554 3570 6746 6745
3556 3554 6745 6751
6746 6745 3554 3570
6745 6751 3556 3554
3525 3556 6751 6725
6754 3558 6756 3560
3558 3729 6804 6756
6804 6756 3558 3729
3570 6822  970 6746
 970 6746 3570 6822
6822 6870  978  970
3729 3820 6877 6804
6877 6804 3729 3820
6870 4707 3862  978
6942 6877 3820 3865
3865 3886 6956 6959
3877 6942 6959 6957
4437 3862 4707 4708
6959 6957 3877 6942
3888 3877 6957 6964
4708 4647 3882 4437
3886 6962 3887 6956
6957 6964 3888 3877
4649 3882 4647 3903
6962 6967 3918 3887
6969 3888 6964 4445
3907 3909 6973 6977
3930 3918 6967 6979
4445 6973 3909 6969
6973 6977 3907 3909
4715 4649 3903 1011
3919 3930 6979 6989
6979 6989 3919 3930
3969 3919 6989 6996
6989 6996 3969 3919
7002 3969 6996 3968
1028 1017 4717 4718
7006 7002 3968 1023
4470 7006 1023 7018
1024 4716 4466 4720
1023 7018 4470 7006
4718 4724 1035 1028
7026 4470 7018 4028
7023 7027 1038 4009
4055 7038 4076 7030
4076 7030 4055 7038
4653 1040 7034 1053
7039 4091 7059 4488
4093 4076 7038 7047
7038 7047 4093 4076
7034 1053 4653 1040
1056 7059 4091 7066
7060 4093 7047 4123
4655 4652 4105 4127
4091 7066 1056 7059
4105 4127 4655 4652
7076 4655 4127 4152
7066 7078 4135 1056
4656 7076 4152 4172
7090 7060 4123 1063
7112 7090 1063 4209
4181 4656 4172 4726
7078 4732 1073 4135
4729 7112 4209 4217
4209 4217 4729 7112
4727 4219 4657 4201
4657 4201 4727 4219
4253 4238 4238 7141
4268 4253 7141 7149
7141 7149 4268 4253
4278 4268 7149 7155
7155 1092 4731 4278
5102  836 5002 1532
5002 1532 5102  836
1743 7185 4315 5243
5794 2143 5616  870
 870 5799 2461 5794
5938 5796 2329 2334
5849 6133 2712 4357
7256 2744 5996 3143
6120 6437 3116 4366
3144 7256 3143 6469
6559 7273 4677  937
7273 6558 3283 3347
6524 6547 4382 4683
3909 6969 4445 6973
6977 4710 4449 3907
4712 4717 1017 4456
4720 7023 4009 1024
4722 7039 4488 1036
7059 4488 7039 4091
4135 1056 7066 7078
2366 2477 5830 5831
7369 4553 7980 1872
2311 5602 2192 5594
7397 2511 5739 2258
3445 6687 3478 4688
4449 3907 6977 4710
4456 4449 4710 4712
4652 4653 1053 4105
2418 2298 2298 5887
2491 5828 5734 5856
7429 4352 7445 5996
8126 7429 2744 7432
2744 7432 8126 7429
4674 5995 7446 3139
5995 7445 4352 7446
4352 7446 5995 7445
5996 3143 7256 2744
7445 5996 7429 4352
3401 3403 4687 4686
4683 6630 3407 4384
4382 4683 6524 6547
 936 4382 6547 6546
3407 4384 4683 6630
4689 3472 3472 3473
4710 4712 4456 4449
4716 4715 1011 4466
1040 1038 7027 7034
 758 1192 4848 4851
1381 1511 4957 4956
4843 4845 1263 1261
4844 4843 1261 1257
1279 4966 1399 4863
4848 4851  758 1192
4847 4848 1192 1264
4860 1271 4859 1274
1273 4860 1274 1273
4851 4857 1195  758
4863 4859 1271 1279
4857 4866 1200 1195
1285 1287 4884 4882
4859 1274 4860 1271
1287 1413 4886 4884
1288 1285 4882 4883
4866 1203 1203 1200
1411 1409 4997 4998
4883 1411 4998 1288
4886 4884 1287 1413
4882 4883 1288 1285
1203 1200 4866 1203
4905 4907 1310 1311
1707 1510 5204 5205
7661 1875 5067 5066
1543 1520 5085 5084
4307 1397 1397 5075
1399 4863 1279 4966
4988 4990 1412 1402
4997 4998 1411 1409
4990 4886 1413 1412
5084 5008 1414 4989
1419 1554 5131 1419
5008 5011 1415 1414
5011 4905 1311 1415
1520 1772 5088 5085
5066 4957 1511 7661
1511 7661 5066 4957
8753 4309 4309 5246
1518 1521 5249 7189
 840 1538 5092 5093
1538 5109 5110 5092
5095 1535 5109 1530
1532 5100 1531 5102
 844 4311 5113 5112
1531 5102 1532 5100
1535 1531 5100 5110
5100 5110 1535 1531
5113 5112  844 4311
5112 1758 1758  844
1554 1551 5129 5131
5132 5130 1553 7747
1553 7747 5132 5130
5190 1849 5197 1469
1733 1724 5380 5389
4309 5246 8753 4309
8756 7816 1524 7820
1529 1524 5252 5255
7816 1743 5243 5252
7189 5242 1738 5237
5249 7189 1518 1521
5255 5095 1530 1529
5252 5255 1529 1524
1758  844 5112 1758
2008 2070 5547 5501
1865 2008 5357 5355
2010 5357 5501 5502
5364 5247 1875 1707
8842 4315 7185 7183
5242 4316 4316 1738
1958 2069 5543 5540
5445 5331 1846 1960
1862 5543 2069 5354
2000 1999 5482 5487
5479 5482 1999 1996
5480 5479 1996 1863
4553 7979 7982 7980
7979 7981 1867 7982
7982 7980 4553 7979
1867 7982 7979 7981
7980 1872 7369 4553
5487 5491 2007 2000
1876 5498 2009 5365
5491 2009 5498 2007
5500 7369 1872 2089
2098 2019 5395 5513
2089 5571 2092 5500
1872 2089 5500 7369
5540 1973 1973 1958
5543 5540 1958 2069
8006 2081 5557 8008
2166 8006 8008 8007
2109 2306 2306 5657
2143 2139 5615 5616
2139 2141 5617 5615
2141 2142 2142 5617
4332 2218 2218 7212
5615 5616 2143 2139
2074 5557 2081 5549
8007 2164 2164 2166
8008 8007 2166 8006
5557 8008 8006 2081
2164 2166 8007 2164
5662 2311 5594 2188
2312 5445 1960 5777
1960 5777 2312 5445
2212 4332 7212 5697
5616  870 5794 2143
5697 2329 5796 2212
7212 5697 2212 4332
2218 7212 4332 2218
5734 5856 2491 5828
5644 5734 2252 2253
8279 5739 2511 5989
5643 5644 2253 2165
5739 2258 7397 2511
7432 7397 5742 8126
5742 8126 7432 7397
2170 5742 2258 5648
2315 5780 2191 5781
5775 2453 5918 2313
2191 5781 2315 5780
5796 2212 5697 2329
5803 2336 5806 2332
2336 2467 5805 5806
2329 2334 5938 5796
4335 2366 5831 4335
5831 4335 4335 2366
2373 5851 2369 5854
2377 2373 5854 2377
5854 2377 2377 2373
2298 5887 2418 2298
5918 2313 5775 2453
2453 5919 2644 5918
5919 6055 2648 2644
6055 8229 6057 2648
8229 5805 5927 6057
5799 5927 2467 2461
2477 2486 5954 5830
2488 2487 5970 2488
2503 2491 8278 5971
2476 5954 2486 5820
5970 2488 2488 2487
8278 5971 2503 2491
5989 8278 5856 8279
5856 8279 5989 8278
6014 2418 5887 2565
2896 2677 6084 6085
2900 6429 4365 6244
5942 6084 2677 2470
2708 2712 6133 6119
6189 2778 6193 2768
2779 3056 6196 6195
6207 6214 2812 2804
2860 2867 6233 6419
6244 6258 2903 2900
2915 8444 8445 6267
8444 2889 6255 8445
2904 2915 6267 6265
8445 6267 2915 8444
6255 8445 8444 2889
6253 6255 2889 2892
3116 4366 6120 6437
2947 3116 6437 6438
3002 3169 6357 6356
6357 6356 3002 3169
3208 3262 6537 3208
3110 6430 3227 6426
3120 3115 6434 6440
6437 6438 2947 3116
6440 6447 3113 3120
3135 3239 6552 6549
6469 6468 3239 3144
3262 3339 6584 6537
3282 6552 6468 6557
6558 6553 3288 3283
6586 3392 6651 3390
3339 6586 3390 6584
3472 3473 4689 3472
3560 6702 6726 6754
6687  788  788 3478
6726 6754 3560 6702
6725 6726 3528 3525
6751 6725 3525 3556
6756 3560 6754 3558
3820 3865 6942 6877
6956 6959 3865 3886
3887 6956 3886 6962
3918 3887 6962 6967
6964 4445 6969 3888
6967 6979 3930 3918
6996 3968 7002 3969
7018 4028 7026 4470
7030 7026 4028 4055
7027 7034 1040 1038
7047 4123 7060 4093
4172 4726 4181 4656
4238 7141 4253 4238
7149 7155 4278 4268
5234 4307 5075 1516
5246 8748 8750 8753
8750 8753 5246 8748
7820 8750 8748 8756
8748 8756 7820 8750
1524 7820 8756 7816
5075 1516 5234 4307
7185 7183 8842 4315
8855 1888 1888 8837
1888 8837 8855 1888
7183 8838 8841 8842
8841 8842 7183 8838
8837 8841 8838 8855
8838 8855 8837 8841
7981 5485 1863 1867
5486 2074 5549 2071
4576 9074 9176  176
9074  425 9020 9176
 425  714 9019 9020
 714 9021  398 9019
9021  729 9018  398
 729 9022  397 9018
9022  709 9017  397
 709 9023  395 9017
9023  708 9016  395
 708  693 9015 9016
 693  660 9014 9015
 660  675 9013 9014
 675  413 9012 9013
 413  409 9011 9012
 409  403 9010 9011
 403  404 9009 9010
 404  405 9008 9009
 405  122  177 9008
9114    8  192 9146
 122 9114 9146  177
   8 9113 9693 4621
9113  755 8975 9693
 755  125 4577 8975
 125  126 4626 4577
 126 9005 8769 4626
9005  123 4622 8769
 123  614 8984 4622
 614  626 8983 8984
 626  625 8982 8983
 625  622 8981 8982
 622  608 8980 8981
 608  628 8979 8980
 628  627 8978 8979
 627  190 1562 8978
 190  596 9024 1562
 192 9146 9114    8
9146  177  122 9114
9147  192 4578 9661
 596 9147 9661 9024
 177 9008  405  122
9008 9009  404  405
9009 9010  403  404
9010 9011  409  403
9011 9012  413  409
9012 9013  675  413
9013 9014  660  675
9014 9015  693  660
9015 9016  708  693
9016  395 9023  708
 395 9017  709 9023
9017  397 9022  709
 397 9018  729 9022
9018  398 9021  729
 398 9019  714 9021
9019 9020  425  714
9176  176 4576 9074
9020 9176 9074  425
 176 9175 9645 1561
9175  191 4535 9645
 191   37 4620 4535
  37   38 4581 4620
  38 8986 7869 4581
8986   39 4582 7869
  39  178 4317 4582
 178 9025 7879 4317
9025   42 4583 7879
  42 8987 7881 4583
8987    2 4584 7881
   2 9201 9202  320
9201   19  206 9202
9202  320    2 9201
 206 9202 9201   19
 320  124 4623 4584
 124   23 4579 4623
  23 8970 7777 4579
8970 8971 7775 7777
8971 8972 7771 7775
8972  175 1433 7771
 175    4 4571 1433
   4 8973 7653 4571
8973    5 4572 7653
   5    6 4573 4572
   6 8974 7654 4573
8974   36 4574 7654
  36 8985 7779 4574
8985   45 4580 7779
  45 8989 7948 4580
8989  173 2101 7948
 173  179 2174 2101
 179   70 4597 2174
  70 8991 8128 4597
8991  182 2265 8128
 182  181 2264 2265
 181 8993 8127 2264
8993  180 2262 8127
 180  184 2384 2262
 184 9031 8198 2384
9031   94 4612 8198
  94  186 2516 4612
 186 8998 8304 2516
8998  185 2751 8304
 185  189 2752 2751
 189  188 2749 2752
 188  117 4615 2749
 117  118 4617 4615
 118 8999 8543 4617
8999  121 4618 8543
 121  636 9001 4618
 636 9000 8554 9001
9000  120 4619 8554
 120    3 4570 4619
   3  174 3145 4570
 174  119 4569 3145
 119  111 4616 4569
 111  187 2738 4616
 187 8997 8392 2738
8997  183 2509 8392
 183 9004 8966 2509
9004 9033 9484 8966
9033 4629 4351 9484
2348 8994 8165 4603
8994  884 4604 8165
 884 8241 8969 4604
9333 4634 4627 9438
8241 9333 9438 8969
4634 9332 9317 2473
9332 2353 4608 9317
2353 4607 2474 4608
4607 2352 4606 2474
2352 4624 4344 4606
4624 8871 8968 4344
8871 4598 7224 8968
4598 2241 4599 5722
2241 2244 4600 4599
2244 2158 4593 4600
2158 4595 4325 4593
4595 4594 2159 4325
4594 9026 8010 2159
9026 2085 4589 8010
2085 4590 2091 4589
4590 4588 2088 2091
4588 9006 8962 2088
9006 4633 4536 8962
4633 2150 4586 4536
2150 2155 4587 4586
2155 2163 4592 4587
2163 8990 8963 4592
8990 4628 4537 8963
4628 9007 8964 4537
9007 4631 4538 8964
4631 4601 4530 4538
4601 9027 8951 4530
4632 9397 9485 4351
9397 8961 8996 9485
9398 4632 4629 9739
9027 9398 9739 8951
8961 4611 2372 8996
4611 8193 8995 2372
8193 4610 2371 8995
4610 4625 4349 2371
4625 8875 9030 4349
8875 4346 4609 9030
4346 4605 2359 4609
4605 9029 8952 2359
9029 2479 4630 8952
2479 4613  885 4630
4613 8242 9032  885
4627 9438 9333 4634
9438 8969 8241 9333
9439 4627 4614 9451
8242 9439 9451 9032
8969 4604  884 8241
4604 8165 8994  884
8165 4603 2348 8994
9452 4614 2473 9825
4603 9452 9825 2348
4614 9451 9439 4627
9451 9032 8242 9439
9032  885 4613 8242
 885 4630 2479 4613
4630 8952 9029 2479
8952 2359 4605 9029
2359 4609 4346 4605
4609 9030 8875 4346
9030 4349 4625 8875
4349 2371 4610 4625
2371 8995 8193 4610
8995 2372 4611 8193
2372 8996 8961 4611
4351 9484 9033 4629
9484 8966 9004 9033
9485 4351 4632 9397
8996 9485 9397 8961
8966 2509  183 9004
2509 8392 8997  183
8392 2738  187 8997
2738 4616  111  187
4616 4569  119  111
4569 3145  174  119
3347 3280 6550 4677
3145 4570    3  174
4570 4619  120    3
4619 8554 9000  120
8554 9001  636 9000
9001 4618  121  636
3289 3288 6553 6554
3162 3289 6554 6477
4618 8543 8999  121
8543 4617  118 8999
3169 3162 6477 6357
4617 4615  117  118
4615 2749  188  117
2749 2752  189  188
2752 2751  185  189
2751 8304 8998  185
8304 2516  186 8998
2516 4612   94  186
4612 8198 9031   94
8198 2384  184 9031
2384 2262  180  184
2262 8127 8993  180
8127 2264  181 8993
2264 2265  182  181
2265 8128 8991  182
8128 4597   70 8991
4597 2174  179   70
2174 2101  173  179
2101 7948 8989  173
7948 4580   45 8989
4580 7779 8985   45
7779 4574   36 8985
4574 7654 8974   36
7654 4573    6 8974
4573 4572    5    6
4572 7653 8973    5
7653 4571    4 8973
4571 1433  175    4
1433 7771 8972  175
7771 7775 8971 8972
7775 7777 8970 8971
7777 4579   23 8970
4579 4623  124   23
4623 4584  320  124
4584 7881 8987    2
7881 4583   42 8987
4583 7879 9025   42
7879 4317  178 9025
4317 4582   39  178
4582 7869 8986   39
7869 4581   38 8986
4581 4620   37   38
4620 4535  191   37
1561 9644 9712 4576
9644 8976 7748 9712
9645 1561  176 9175
4535 9645 9175  191
8976 8967 8977 7748
8967 4312 4575 8977
4312 9002 8768 4575
9002 8965 9003 8768
4578 9661 9147  192
9661 9024  596 9147
9662 4578 4621 9692
8965 9662 9692 9003
9024 1562  190  596
1562 8978  627  190
8978 8979  628  627
8979 8980  608  628
8980 8981  622  608
8981 8982  625  622
8982 8983  626  625
8983 8984  614  626
8984 4622  123  614
4622 8769 9005  123
8769 4626  126 9005
4626 4577  125  126
5131 1419 1419 1554
4577 8975  755  125
4621 9692 9662 4578
9692 9003 8965 9662
9693 4621    8 9113
8975 9693 9113  755
9003 8768 9002 8965
8768 4575 4312 9002
4575 8977 8967 4312
8977 7748 8976 8967
9712 4576 1561 9644
7748 9712 9644 8976
4629 9739 9398 4632
9739 8951 9027 9398
8951 4530 4601 9027
4530 4538 4631 4601
4538 8964 9007 4631
8964 4537 4628 9007
4537 8963 8990 4628
8963 4592 2163 8990
4592 4587 2155 2163
4587 4586 2150 2155
4586 4536 4633 2150
4536 8962 9006 4633
8962 2088 4588 9006
2088 2091 4590 4588
2091 4589 2085 4590
4589 8010 9026 2085
8010 2159 4594 9026
2159 4325 4595 4594
4325 4593 2158 4595
4593 4600 2244 2158
4600 4599 2241 2244
9802 2252 5828 9803
4599 5722 4598 2241
5722 9802 9803  874
9803  874 5722 9802
5828 9803 9802 2252
 874 9805 9806 7224
9805 2476 5820 9806
9806 7224  874 9805
5820 9806 9805 2476
7224 8968 8871 4598
8968 4344 4624 8871
4344 4606 2352 4624
4606 2474 4607 2352
2474 4608 2353 4607
4608 9317 9332 2353
9317 2473 4634 9332
2473 9825 9452 4614
9825 2348 4603 9452
