2032
 1076   268  6700  6705
 4720  1076  6705  1078
   11  1079  7048    11
 1079   271  5133  7048
 4727   274  5376  1086
 4729  4725  1085  1082
 4735  4720  1078  1093
 1114   305  4756  4755
 4751  1114  4753  1116
 4756  4755  1114   305
 4755  4754  1117  4753
    4  1127  4760  7349
 1128  4760  1127  4761
 1127  4761  1128  4760
  335  1143  7719  5278
 4773  4772  1157  1156
 1165  4778  1164  4779
  362  1173  5562  5557
 1173   364  5563  5562
   21  1178  6125  4822
 1178   367  4923  6125
 4795  4796  1204  1205
 4796   391  5628  5627
 1204  1205  4795  4796
 1220    22  6614  6633
  406  1220  6633  6634
 5696  1231  4819  1230
 4822  1241  6044    21
 1241   427  6045  6044
 1275  1276  4834  4835
 4837  4838  1278  1279
 1278  1279  4837  4838
   43  1280  4840  4841
 1280   466  4842  4840
 4840  4841    43  1280
 4842  4840  1280   466
 4885  4886  1397  1398
 1397  1398  4885  4886
 1398  1400  4887  4885
 4887  4885  1398  1400
  600  1414  5988  5987
 1414   602  5989  5988
 1421  1423  4892  4891
 1425    66  5364  5363
  269  1425  5363  5365
 1426  4897  1427  4896
 4899   614  6032  1430
 4900  4899  1430  1432
   70  1433  5705  5132
 1433  4902   427  5705
 4902  1434  6046  6045
 1444  1445  4908  4909
  632  1464  6091  6090
 1464   281  5408  6091
 1483    86  6598  6607
  644  1483  6607  6608
 1484   645  6102  6099
 1485  4921   645  4918
 4922  4923   367  1496
 4924  4922  1496  1498
 1499  4924  1498  4928
 1498  4928  1499  4924
 4931  4930  1501  1503
  105  1535  4950  4951
 1535   675  4952  4950
 4950  4951   105  1535
 4952  4950  1535   675
 4963  4964  1576  1577
 1576  1577  4963  4964
  700  1581  6276  6270
 1581   701  6278  6276
 1585  1587  4966  4965
 4965   702  6282  1585
 4966  4965  1585  1587
 4997  4998  1655  1656
 4998   746  6418  6417
 1655  1656  4997  4998
 1656  1658  4999  4997
 4999  4997  1656  1658
  747  1660  6425  6421
 1660   749  6426  6425
 5013  1682  6475  1683
 1684   763  6460  6464
 1689  1691  5020  5019
 1705   361  5558  6539
 1704  1705  6539  1704
  792  1745  6643  6644
 5062  5063  1757  1758
 1757  1758  5062  5063
 1761   170  5068  5067
 1760  5064  1759  5065
  799  1761  5067  5069
 5068  5067  1761   170
 5067  5069   799  1761
 5070  5071  1762  1763
 1762  1763  5070  5071
 5094  5095  1789  1790
 1789  1790  5094  5095
 1790  1792  5096  5094
 5096  5094  1790  1792
 1840   166  6636  6637
  790  1840  6637  6638
  844  1867  5119  7005
 1867  1868  5118  5119
 5121  5118  1868  1870
 5132  1899  5370    70
 1899  5133   271  5370
  205  1995  5181  5750
 1996  5181  1995  5182
 1995  5182  1996  5181
 2001   205  5750  5751
  900  2006  7285  7262
 2006   903  7286  7285
  208  2013  5196  5197
 2013   906  5198  5196
 2029  2030  5187  5188
 5190  5187  2030  2032
 5196  5197   208  2013
 5198  5196  2013   906
  214  2126  5239  5822
 2127  5239  2126  5240
 2126  5240  2127  5239
 5241  5242  2130  2131
 5242   699  6271  7546
 2130  2131  5241  5242
 5278  5277  2229   335
 5280  2229  5277  2228
 2313  1016  7845  7887
 5329  1040  7970  2350
 5330  5329  2350  2352
 2361  2362  5333  5334
 2362  2364  5335  5333
 5335  5333  2362  2364
 2413  2414  5352  5353
 2414  2416  5354  5352
  599  5354  2416  5983
 5354  5352  2414  2416
 2441   249  7875  7884
  268  2442  6699  6700
 5364  5363  1425    66
 5363  5365   269  1425
  271  5370  1899  5133
 5370    70  5132  1899
 2451  2452  5377  5378
 5378  4908  1445  2451
 2463   282  5407  5406
 5407  5406  2463   282
 5406  5408   281  2463
 2474   287  6591  6597
   86  2474  6597  6598
  305  2501  5469  4756
 2501   105  4951  5469
 5469  4756   305  2501
 4951  5469  2501   105
 1577  5486  2523  5488
 5487  4963  5488  2524
 2523  5488  1577  5486
 5488  2524  5487  4963
 2524  1128  4761  5487
 4761  5487  2524  1128
 2229   335  5278  5277
 5532  4999  1658  2568
 1658  2568  5532  4999
 2568  1157  4772  5532
 4772  5532  2568  1157
 2581   157  6466  6471
 2584  2583  5547  5549
 2593   362  5557  5556
 5557  5556  2593   362
 5556  5558   361  2593
 5562  5557   362  1173
 5563  5562  1173   364
 2599  5563   364  6027
   69  2599  6027  6029
  367  1496  4922  4923
 1763  5597  2626  5070
 5597  5068  6675  6680
 2626  5070  1763  5597
 5626  5096  1792  2640
 1792  2640  5626  5096
 2640  1204  5627  5626
 5628  5627  4796   391
 5627  5626  2640  1204
 2670   406  6634  6635
  166  2670  6635  6636
 2688  5121  1870  5694
 1230  2688  5694  5696
  427  5705  1433  4902
 5705  5132    70  1433
 5750  5751  2001   205
 5752  2001  5751  2764
 5751  2764  5752  2001
 2764  1275  4835  5752
 4835  5752  2764  1275
  464  2770  5759  5761
 4838  5759  2770  1278
 2770  1278  4838  5759
 5759  5761   464  2770
  466  2773  5770  4842
 2773   208  5197  5770
 5763  5190  2032  2783
 2032  2783  5763  5190
 2784  5763  2783  5765
 2783  5765  2784  5763
 5765  4931  1503  2784
 1503  2784  5765  4931
 5770  4842   466  2773
 5197  5770  2773   208
 5966  5335  2364  2977
 2364  2977  5966  5335
 2977  1397  4886  5966
 4886  5966  2977  1397
 2416  5983   599  5354
 5983  3009  5986   599
 3009   600  5987  5986
 5987  5986  3009   600
 5988  5987   600  1414
 5989  5988  1414   602
 3016  5989   602  5990
  603  3016  5990  5991
  602  5990  3016  5989
 5990  5991   603  3016
 5994  5992   605  1419
 1419  5995  3022  5994
 3022  5994  1419  5995
  249  5996  3024  7875
 5996  3022  5995  3024
 3030   609  4894  6000
 6013  3030  6000  3029
 6008   269  5365  2445
 2445  1426  4896  6008
 4896  6008  2445  1426
 3029  5013  1683  6013
 3033  1427  4897  6016
 3034  3033  6016  6020
 6025  6024  3039  3040
 3041  6025  3040  6026
  364  6027  2599  5563
 6027  6029    69  2599
 6028  3041  6026  3042
  614  6030  3044  6032
 6030  6028  3042  3044
 3046   616  6042  6041
 6042  6041  3046   616
 6041   615  6036  3046
 6045  6044  1241   427
 6044    21  4822  1241
 6046  6045  4902  1434
 6047  6046  1434   617
 3053  6047   617  6052
 6059  6050   618  1439
 3063  3064  6071  6072
 3064  1444  4909  6071
 4909  6071  3064  1444
 1758  3063  6072  5062
 6072  5062  1758  3063
 1205  6088  3084  4795
 3084  4795  1205  6088
  391  3086  6089  5628
 3086   632  6090  6089
 6090  6089  3086   632
 6089  5628   391  3086
 6091  6090   632  1464
 5408  6091  1464   281
 3113   644  6608  6613
   22  3113  6613  6614
 6099  6042   616  1484
 3115  3114  3114  6101
 6102  6099  1484   645
 6101  3116  6108  3115
 3116  6102  4921  6107
 6108  3115  6101  3116
 4921  6107  3116  6102
 6107  3117  6113  6108
 3121  6112  3120  6116
 3123  4819  1231  6121
 4923  6125  1178   367
 6125  4822    21  1178
 3141  1499  4928  6126
 4930  3141  6126  1501
 6126  1501  4930  3141
 3176  4834  1276  6179
 3186   674  7223  7228
  675  3187  6215  4952
 3187    43  4841  6215
 6215  4952   675  3187
 4841  6215  3187    43
 6267  6268  3241  3242
 3241  3242  6267  6268
 3242  1576  4964  6267
 4964  6267  3242  1576
 2131  3241  6268  5241
 6268  5241  2131  3241
  699  3245  6269  6271
 3245   700  6270  6269
 6270  6269  3245   700
 6269  6271   699  3245
 3246  3247  6272  6273
 3247  3248  6274  6272
 6274  6272  3247  3248
 6276  6270   700  1581
 6278  6276  1581   701
 3248  6277  3249  6274
 6277  3250  6279  3249
 3252  6278   701  6281
  702  3252  6281  6282
 3250  6280  3251  6279
  701  6281  3252  6278
 6281  6282   702  3252
 6282  1585  4965   702
 6280  3254  6283  3251
 3254  6284  3255  6283
 6284  3257  6285  3255
 3344  6405   743  6413
 6405  3346  6409   743
 3346   345  5526  6409
 6409   743  6405  3346
  743  6413  3344  6405
 6413  5330  2352  3344
 6416  4887  1400  3351
 1400  3351  6416  4887
 3351  1655  6417  6416
 6418  6417  4998   746
 6417  6416  3351  1655
 3355  6418   746  6422
 6421  3355  6422   747
  746  6422  3355  6418
 6422   747  6421  3355
 6425  6421   747  1660
 6426  6425  1660   749
 3388  6460   763  6486
 3395  2581  6471  6474
 6486    15    15  3388
 3405   768  5097  6807
 5558  6539  1705   361
 6608  6613  3113   644
 6613  6614    22  3113
 6614  6633  1220    22
 6633  6634   406  1220
 6634  6635  2670   406
 6635  6636   166  2670
 6636  6637  1840   166
 6637  6638   790  1840
 3467  6640     7  6932
 6643  6644   792  1745
 6648  6643  1745  3471
 6675  6680  5597  5068
 6681  2626  6680  3486
 6680  3486  6681  2626
 3486  1757  5063  6681
 5063  6681  3486  1757
 3490   799  5069  6691
 5069  6691  3490   799
 6691  5364    66  3490
 6692  6693  3491  3492
 3492  1762  5071  6692
 5071  6692  3492  1762
 6693  6699  2442  3491
 6792  5407   282  3518
 3534  3535  6805  6806
 3535  1789  5095  6805
 5095  6805  3535  1789
 6024  3534  6806  3039
 6932   790  6638  3467
 3628   844  7005  7004
 7004  6061   620  3628
 5119  7005   844  1867
 7029  3662  3662  3663
 3664  7029  3663  7032
 3663  7032  3664  7029
 7040  3664  7032  3667
 3668  7040  3667  7044
 3667  7044  3668  7040
 7046  3668  7044  3669
 5133  7048  1079   271
 7228  7229    39  3186
 7229  4837  1279    39
 5181  5750   205  1995
 7259  4966  1587  3786
 1587  3786  7259  4966
 3786  1996  5182  7259
 5182  7259  3786  1996
 7260  6285  3257  3788
 3257  3788  7260  6285
 3788  3790  7261  7260
 7262  7261  3790   900
 7261  7260  3788  3790
 3790   900  7262  7261
 7285  7262   900  2006
 7286  7285  2006   903
 3802  7286   903  7290
 3803  3802  7290  7293
 7293   464  5761  3803
 7290  7293  3803  3802
 5761  3803  7293   464
  906  3807  7348  5198
 3807     4  7349  7348
 7299  3176  6179  3826
 6179  3826  7299  3176
 3826  2029  5188  7299
 5188  7299  3826  2029
 3834  3835  7337  7336
 3835  7338  3836  7337
 7338  3837  7339  3836
 3837  7340  3838  7339
 7340  3841  7341  3838
 3841  7342  3842  7341
 7342  3843  7343  3842
 3843  7344  3844  7343
 7344  3853  7345  3844
 3853  7346  3854  7345
 7346  3855  7347  3854
 3855   214  5822  7347
 7348  5198   906  3807
 7349  7348  3807     4
 3862  3834  7336  7350
 4754     9  6533  1117
 5239  5822   214  2126
 7541  2523  5486  3945
 5486  3945  7541  2523
 3945  2127  5240  7541
 5240  7541  3945  2127
 4760  7349     4  1127
 3950  2130  7546  7548
 3951  7544  7548  7547
 6271  7546  5242   699
 7548  7547  3951  7544
 7546  7548  3950  2130
 7547  3246  6273  3951
 6273  3951  7547  3246
 7719  5278   335  1143
 1016  4137  4137  7845
 3024  7875   249  5996
 7875  7884  2441   249
 7885  2441  7884  4158
 7884  4158  7885  2441
 4158  2313  7887  7885
 7845  7887  2313  1016
 7887  7885  4158  2313
 4196  1037  7965  7964
 7965  7964  4196  1037
 7964  6426   749  4196
 7966  7965  1037  2346
 7967  7966  2346  1039
 4203  7967  1039  7969
 7986  3862  7350  4217
 7350  4217  7986  3862
 4217  2361  5334  7986
 5334  7986  4217  2361
 8082  3084  6088  4280
 6088  4280  8082  3084
 4280  2413  5353  8082
 5353  8082  4280  2413
 8108  4304  8109  1073
 4304   603  5991  8109
 5991  8109  4304   603
 8109  1073  8108  4304
 4305  8108  1073  8111
 5992  4305  8111   605
 3471  1669  1669  6648
 6807     6     6  3405
 4388  7543  4386  8216
 8216  3950  7544  4388
    9  1085  4725  6533
 1085  1082  4729  4725
 1082  4727  1086  4729
 1086  4729  1082  4727
  282  3518  6792  5407
 3518  1091  6787  6792
 1096    10  4748  6589
  287  1096  6589  6591
  304  1113  7204  7205
 1116  7046  3669  4751
 4753  1116  4751  1114
 1117  4753  4755  4754
 6705  1078  4720  1076
 1078  1093  4735  4720
 1093     8     8  4735
    7  6932  3467  6640
 1143     7  6640  7719
 1157  1156  4773  4772
 4771  4773  1156  1158
 1164  4779  1165  4778
 4779  5547  2583  1165
 5694  5696  1230  2688
 4834  4835  1275  1276
 1279    39  7229  4837
  605  1419  5994  5992
   66  3490  6691  5364
 4891  3489  6686  1421
 4892  4891  1421  1423
  609  4892  1423  4894
 4894  6000  3030   609
 1423  4894   609  4892
 1427  4896  1426  4897
 1432  1485  4918  4900
 1430  1432  4900  4899
  616  1484  6099  6042
 1434   617  6047  6046
  618  1439  6059  6050
 1439   620  6061  6059
 4908  4909  1444  1445
 4918  4900  1432  1485
  645  4918  1485  4921
 1496  1498  4924  4922
 1501  1503  4931  4930
 1534   104  7212  7222
  674  1534  7222  7223
  157  1684  6464  6466
 5020  5019  1689  1691
  768  5020  1691  5097
 6539  1704  1704  1705
 1716    69  6029  6035
  615  1716  6035  6036
 1759  5065  1760  5064
  170  1759  5064  6675
 5065  6686  3489  1760
 1691  5097   768  5020
 5118  5119  1867  1868
 1868  1870  5121  5118
  903  7290  3802  7286
 5187  5188  2029  2030
 2030  2032  5190  5187
 2227  5280  2228  2227
 5277  2228  5280  2229
 1037  2346  7966  7965
 2346  1039  7967  7966
 2352  3344  6413  5330
 2350  2352  5330  5329
 5333  5334  2361  2362
 5352  5353  2413  2414
 2442  3491  6693  6699
 5365  2445  6008   269
 2452  5376   274  5377
 1445  2451  5378  4908
 5377  5378  2451  2452
  274  5377  2452  5376
 5376  1086  4727   274
  281  2463  5406  5408
 2500   304  7205  7210
  104  2500  7210  7212
 6781  5523  2564   344
 2583  1165  4779  5547
 5547  5549  2584  2583
 5549  1689  5019  2584
  361  2593  5556  5558
 1870  5694  2688  5121
 4819  1230  5696  1231
 5986   599  5983  3009
 5995  3024  5996  3022
 1683  6013  3029  5013
 6000  3029  6013  3030
 6016  6020  3034  3033
 4897  6016  3033  1427
 6020  1164  4778  3034
 3042  3044  6030  6028
 6032  1430  4899   614
 3044  6032   614  6030
 6029  6035  1716    69
 6036  3046  6041   615
 6035  6036   615  1716
 6050  3053  6052   618
  617  6052  3053  6047
 6052   618  6050  3053
 6061  6059  1439   620
 6071  6072  3063  3064
 3114  6101  3115  3114
 3117  3120  6112  6113
 6113  6108  6107  3117
 6112  6113  3117  3120
 3120  6116  3121  6112
 6116  3123  6121  3121
 6121  3121  6116  3123
 1231  6121  3123  4819
 4928  6126  3141  1499
 1276  6179  3176  4834
   39  3186  7228  7229
 6272  6273  3246  3247
 5526  6409  3346   345
 5523  5526   345  2564
   15  3388  6486    15
 6460  6464  1684   763
 6471  6474  3395  2581
 6466  6471  2581   157
 6464  6466   157  1684
 6474  6475  1682  3395
 6475  1683  5013  1682
 1682  3395  6474  6475
 4778  3034  6020  1164
  763  6486  3388  6460
 5019  2584  5549  1689
    6  3405  6807     6
 4725  6533     9  1085
 4748  6589  1096    10
 1113  4748    10  7204
 6589  6591   287  1096
 6591  6597  2474   287
 6597  6598    86  2474
 6598  6607  1483    86
 6607  6608   644  1483
 6638  3467  6932   790
 6644  6779  3515   792
 1669  6648  3471  1669
 1745  3471  6648  6643
 5064  6675   170  1759
 3489  1760  5065  6686
 6686  1421  4891  3489
 3491  3492  6692  6693
 6699  6700   268  2442
 6700  6705  1076   268
  344  3515  6779  6781
 2564   344  6781  5523
 3515   792  6644  6779
  345  2564  5523  5526
 6779  6781   344  3515
 6787  6792  3518  1091
   12  6787  1091    12
 5097  6807  3405   768
  620  3628  7004  6061
 7005  7004  3628   844
 3662  3663  7029  3662
 7032  3667  7040  3664
 6533  1117  4754     9
 7048    11    11  1079
 3669  4751  1116  7046
 7044  3669  7046  3668
    8  4735  1093     8
   10  7204  1113  4748
 7204  7205   304  1113
 7205  7210  2500   304
 7210  7212   104  2500
 7212  7222  1534   104
 7222  7223   674  1534
 7223  7228  3186   674
 7336  7350  3862  3834
 6640  7719  1143     7
 2228  2227  2227  5280
 4137  7845  1016  4137
   13  4771  1158    13
  749  4196  7964  6426
 1040  4203  7969  7970
 1039  7969  4203  7967
 7970  2350  5329  1040
 7969  7970  1040  4203
 1156  1158  4771  4773
 1158    13    13  4771
 1073  8111  4305  8108
 8111   605  5992  4305
 1091    12    12  6787
 4386  8216  4388  7543
10024  9593 11946 10024
11943 11944 10028 10029
 9600 10033 12225 12224
10033  9602 12226 12225
 9641 10070 12284 12283
10070  9643 12285 12284
 9646 10075 12289 12287
 9700 10126 12348 12346
10126  9702 12349 12348
10179  9466 11985 11984
 9753 10179 11984 11986
11985 11984 10179  9466
11984 11986  9753 10179
 9791 10239 12505 12504
12009 12010 10239 10240
10239 10240 12009 12010
10245 10247 12014 12016
12016 12015 10246 10245
10249 12018  9487 12219
 9599 10249 12219 12221
 9801 10262 12530 12529
10262  9603 12229 12530
 9833 10321 12601 12600
10321  9834 12602 12601
 9852 10367 12674 12672
10367  9854 12675 12674
10373  9523 12046 12045
 9857 10373 12045 12047
12046 12045 10373  9523
12045 12047  9857 10373
10387 12048 10386 12049
10386 12049 10387 12048
12051 10394 12052 10395
12052 10395 12051 10394
10395 10397 12054 12051
10397 12056  9869 12054
10407  9527 12296 12295
10483 10485 12084 12083
12083  9907 12849 10483
12084 12083 10483 10485
10486 12084 10485 12085
10485 12085 10486 12084
10488 10490 12087 12086
12087 12086 10488 10490
10491 12087 10490 12088
10490 12088 10491 12087
10515 12092 10514 12093
10514 12093 10515 12092
 9933 10547 12917 12916
10547  9699 12347 12917
10703  9571 12158 12157
 9995 10703 12157 12159
12158 12157 10703  9571
12157 12159  9995 10703
10747 11934  9582 12183
12183 12184  9583 10747
12215 12012 10242 10771
11944 12215 10771 10028
12219 12221  9599 10249
12221 10776 12223  9599
10776  9600 12224 12223
12224 12223 10776  9600
12223  9599 12221 10776
12225 12224  9600 10033
12226 12225 10033  9602
 9603 10784 12228 12229
10784 11946  9593 12228
 9593 12228 10784 11946
12228 12229  9603 10784
12284 12283  9641 10070
12285 12284 10070  9643
10854 12285  9643 12286
 9523 10854 12286 12046
 9643 12286 10854 12285
12286 12046  9523 10854
12289 12287  9646 10075
10075 12290 10861 12289
10861 12289 10075 12290
10862 10861 12290 12292
12290 12292 10862 10861
12295 12297  9655 10407
12297 10875 12299  9655
10875  9641 12283 12299
12283 12299 10875  9641
12299  9655 12297 10875
12328 12329 10926 10927
10926 10927 12328 12329
10934 10935 12336 12337
 9699 10955 12345 12347
10955  9700 12346 12345
12346 12345 10955  9700
12345 12347  9699 10955
12348 12346  9700 10126
12349 12348 10126  9702
11048  9753 11986 12428
 9571 11048 12428 12158
11986 12428 11048  9753
12428 12158  9571 11048
11085  9583 12184 12459
12459  9772 12454 11085
11086 12454  9772 12463
 9773 11086 12463 12464
12505 12504  9791 10239
12010 12506 11129 12505
11129 12505 12010 12506
12506 12328 10927 11129
11134 10246 12015 12512
10935 11134 12512 12336
12512 12336 10935 11134
 9702 11154 12528 12349
11154  9801 12529 12528
12529 12528 11154  9801
12528 12349  9702 11154
12530 12529  9801 10262
12229 12530 10262  9603
11206  9822 12584 12582
11236  9833 12600 12599
 9466 11236 12599 11985
12600 12599 11236  9833
12599 11985  9466 11236
12601 12600  9833 10321
12602 12601 10321  9834
11241 12602  9834 12606
 9834 12606 11241 12602
12612 12604  9835 10326
12674 12672  9852 10367
12675 12674 10367  9854
11289 12675  9854 12677
 9522 11289 12677 12678
 9854 12677 11289 12675
12677 12678  9522 11289
12678 11293 12901  9522
11293  9856 12900 12901
11297  9857 12047 12679
 9856 11296 12899 12900
11296  9445 12898 12899
 9445 11297 12679 12680
12047 12679 11297  9857
12679 12680  9445 11297
11306  9773 12464 12685
12685  9646 12287 11306
12680 11307 12897 12898
11307  9861 12896 12897
 9861 11310 12895 12896
11310  9525 12894 12895
12292 10386 12048 10862
12048 10862 12292 10386
 9525 11315 12893 12894
11315  9864 12889 12893
12049 12687 11317 10387
11317 10387 12049 12687
11318 11317 12687 12689
 9864 11318 12887 12889
12689  9440 12829 12887
12687 12689 11318 11317
11330  9869 12056 12706
12722  9852 12672 11284
 9438 11364 13062  9438
 9907 11436 12847 12849
12085 12833 11443 10486
11443 10486 12085 12833
12086 11443 12833 10488
12833 10488 12086 11443
12088 12834 11449 10491
11449 10491 12088 12834
12089 11449 12834 12836
12834 12836 12089 11449
12836 11450 12835 10496
11450 11451 12837 12835
11451 12838 11452 12837
12838 10926 12329 11452
12847 12849  9907 11436
12849 10483 12083  9907
12850 10514 12092 11471
12092 11471 12850 10514
12853 12850 11471 11473
11474 12853 11473 12857
11473 12857 11474 12853
12857 10934 12337 11474
12337 11474 12857 10934
12504 11477 12870  9791
11477 10515 12093 12870
12870  9791 12504 11477
12093 12870 11477 10515
12887 12889  9864 11318
12889 12893 11315  9864
12893 12894  9525 11315
12894 12895 11310  9525
12895 12896  9861 11310
12896 12897 11307  9861
12897 12898 12680 11307
12898 12899 11296  9445
12899 12900  9856 11296
12900 12901 11293  9856
12901  9522 12678 11293
 9602 11514 12915 12226
11514  9933 12916 12915
12916 12915 11514  9933
12915 12226  9602 11514
12917 12916  9933 10547
12347 12917 10547  9699
13077 11599 13069 11600
13093 11601 13081 11604
11632  9971 13155 13154
13154 12614  9837 11632
13161 13155  9971 10646
11639 13163  9973 13170
13177 13168  9974 10651
11702  9995 12159 13244
12159 13244 11702  9995
13244  9441 11933 11702
 9441 10014 11932 11933
 9582 12183 10747 11934
10014  9582 11934 11932
11934 11932 10014  9582
10029 12828 11374 11943
12828 12829  9440 11374
10028 10029 11943 11944
11946 10024 10024  9593
 9434 12847 11436  9434
 9583 10747 12183 12184
10240 10242 12012 12009
12012 12009 10240 10242
10247  9487 12018 12014
10246 10245 12016 12015
12014 12016 10245 10247
12018 12014 10247  9487
 9835 10326 12612 12604
10326  9837 12614 12612
12054 12051 10395 10397
 9869 12054 10397 12056
 9655 10407 12295 12297
 9971 10646 13161 13155
10646  9973 13163 13161
 9974 10651 13177 13168
10651  9821 12585 13177
 9487 12219 10249 12018
12184 12459 11085  9583
10771 10028 11944 12215
10242 10771 12215 12012
11324 10832 10832 12695
12296 12295 10407  9527
10927 11129 12506 12328
12336 12337 10934 10935
12454 11085 12459  9772
12015 12512 11134 10246
 9821 11206 12582 12585
12584 12582 11206  9822
12582 12585  9821 11206
12604 11241 12606  9835
12606  9835 12604 11241
12614 12612 10326  9837
12672 11284 12722  9852
11284  9439  9439 12722
12287 11306 12685  9646
12695 12052 10394 11324
10832 12695 11324 10832
10394 11324 12695 12052
 9527 11330 12706 12296
12056 12706 11330  9869
12706 12296  9527 11330
 9439 12722 11284  9439
 9440 11374 12828 12829
11374 11943 10029 12828
11436  9434  9434 12847
11471 11473 12853 12850
12829 12887 12689  9440
13062  9438  9438 11364
13065 13062 11364 11598
11599 13065 11598 13069
11364 11598 13065 13062
11598 13069 11599 13065
11601 13077 11600 13081
13069 11600 13077 11599
11600 13081 11601 13077
 9822 13093 11604 12584
13081 11604 13093 11601
11604 12584  9822 13093
 9837 11632 13154 12614
13155 13154 11632  9971
13163 13161 10646  9973
13168 11639 13170  9974
 9973 13170 11639 13163
13170  9974 13168 11639
12585 13177 10651  9821
11933 11702 13244  9441
11932 11933  9441 10014
 9416  8156  4507 13722
 8156 13749 13750   225
13749  4386  7543 13750
13750   225  8156 13749
 7543 13750 13749  4386
  225  2842  4562  4507
 7544  4388  8216  3950
 2842   505  4561  4562
  505  1319  4433  4561
 1319    50  4432  4433
   50  1325  4434  4432
 1325   511  4435  4434
 3249  6274  3248  6277
  511  2854  4563  4435
 6279  3249  6277  3250
 2854   122  4564  4563
 3251  6279  3250  6280
  122  2153  4510  4564
 6283  3251  6280  3254
 2153   703  4511  4510
 3255  6283  3254  6284
  703  3256  4685  4511
 6285  3255  6284  3257
 3256  4437  1326  4685
 4437  1327  4436  1326
 1327  2857  4565  4436
 2857  2858  4566  4565
 2858  4513  2159  4566
 4513  2160  4512  2159
 2160  4671   905  4512
 4671  4672  3805   905
 4672  4669   894  3805
 4669  4670  3775   894
 4670  4668  3772  3775
 4668  4667  3773  3772
 4667  4505   892  3773
 4505  4506  1984   892
 4506  1982  4504  1984
 1982  4666  3763  4504
 4666  4501   890  3763
 4501  4503  1977   890
 4503  1978  4502  1977
 1978  4559  2749  4502
 4559  4558  2747  2749
 4558  4557  2746  2747
 4557  4555  2745  2746
 4555  2744  4556  2745
 2744  4665  3747  4556
 4665  4664  3746  3747
 4664  4663  3744  3746
 4663  4551  2656  3744
 4551  2655  4552  2656
 2655  4489   397  4552
 4489  4488  1814   397
 4488 13721  8673  1814
13721   177  4550  8673
  177 13665  9415  4550
13863  4653  4716 14024
13665 13863 14024  9415
 4653 13862 15280  3556
13862  9121 13704 15280
 9121  4652  3555 13704
 4652  9120 13703  3555
 9120  4651  3554 13703
 4651  9119 13702  3554
 9119  4650  3552 13702
 4650  4430  1213  3552
 4430  1214  4429  1213
 1214  2659  4553  4429
 2659  2660  4554  4553
 2660  4493  1823  4554
 4493  1824  4492  1823
 1824  3579  4659  4492
 3579  4440  1363  4659
 4440  1365  4441  1363
 1365  1366  4442  4441
 1366  2922  4576  4442
 2922  2923  4577  4576
 2923  4526  2265  4577
 4526  2266  4525  2265
 2266  4103  4693  4525
 4103  4443  1368  4693
 4443  4439  1355  1368
 4439  1356  4438  1355
 1356  2905  4574  4438
 2905  2906  4575  4574
 2906  4522  2235  4575
 4522  2236  4521  2235
 2236  4690  4065  4521
 4690  4458  1526  4065
 4458  1524  4457  1526
 1524  4598  3171  4457
 4598  4456  1522  3171
 4456  4455  1521  1522
 4455  4453  1519  1521
 4453  1518  4454  1519
 1518  4597  3162  4454
 4597  4500  1959  3162
 4500  1957  4499  1959
 1957  4662  3739  4499
 4662  4498  1955  3739
 4498  4497  1954  1955
 4497  4495  1952  1954
 4495  1951  4496  1952
 1951  3731  4661  4496
 3731  4595  3102  4661
 4595  3101  4596  3102
 3101  4656  3561  4596
 4656  3560  4657  3561
 3560 13705  9128  4657
13705  4654  3557  9128
 4654 13732  9123  3557
13732 13733  9124  9123
13733 13734  9125  9124
 4716 14024 13863  4653
14024  9415 13665 13863
14025  4716  4655 15129
13734 14025 15129  9125
 9415  4550   177 13665
 4550  8673 13721   177
 8673  1814  4488 13721
 1814   397  4489  4488
  397  4552  2655  4489
 4552  2656  4551  2655
 2656  3744  4663  4551
 3744  3746  4664  4663
 3746  3747  4665  4664
 3747  4556  2744  4665
 4556  2745  4555  2744
 2745  2746  4557  4555
 2746  2747  4558  4557
 2747  2749  4559  4558
 2749  4502  1978  4559
 4502  1977  4503  1978
 1977   890  4501  4503
  890  3763  4666  4501
 3763  4504  1982  4666
 4504  1984  4506  1982
 1984   892  4505  4506
  892  3773  4667  4505
 3773  3772  4668  4667
 3772  3775  4670  4668
 3775   894  4669  4670
  894  3805  4672  4669
 3805   905  4671  4672
  905  4512  2160  4671
 4512  2159  4513  2160
 2159  4566  2858  4513
 4566  4565  2857  2858
 4565  4436  1327  2857
 4436  1326  4437  1327
 1326  4685  3256  4437
 4685  4511   703  3256
 4511  4510  2153   703
 4510  4564   122  2153
 4564  4563  2854   122
 4563  4435   511  2854
 4435  4434  1325   511
 4434  4432    50  1325
 4432  4433  1319    50
 4433  4561   505  1319
 4561  4562  2842   505
 4562  4507   225  2842
 4507 13722  9416  8156
 4509 14151 14877  2132
14151 13723  8509 14877
14152  4509  4717 15625
13722 14152 15625  9416
13723  2133  4508  8509
 2133 13692  9432  4508
13692  4679  3953  9432
 4679  9283 13737  3953
 9283 13736  9284 13737
13736  3954  4680  9284
 3954  9286 13708  4680
 9286 13707  9285 13708
13707  3955  4681  9285
 3955 13709  9287  4681
13709  3958  4682  9287
 3958 13710  9288  4682
13710  3959  4683  9288
 3959 13711  9289  4683
13711  3960  4684  9289
 3960 13676  9291  4684
13676  4418  1134  9291
 4418 13715  8297  1134
13715  1132  4417  8297
 1132 13675  8299  4417
13675  1136  4419  8299
 1136  4538  2538  4419
 4538  4462  1600  2538
 4462  4460  1598  1600
 4460  1597  4461  1598
 1597  3270  4599  4461
 3270  4570   527  4599
 4570  2879  4569   527
 2879   526  4568  4569
  526  2189  4516  4568
 2189   977  4515  4516
  977  4014  4688  4515
 4014   976  4687  4688
  976  4689  4021  4687
 4689 13670  9310  4021
13670  4572   532  9310
 4572 13698  9420   532
13698 13699  9419  9420
13699 13700  9417  9419
13700  4573  2888  9417
 4573 13727  8752  2888
13727   531  4571  8752
  531 13669  8527  4571
13669  2204  4520  8527
 2204 13693  9424  4520
14247 11927  4718 14761
13693 14247 14761  9424
 6026  3042  6028  3041
 3040  6026  3041  6025
 3039  3040  6025  6024
 6806  3039  6024  3534
 6805  6806  3534  3535
11785 14427 15448  4719
14427 13678  8329 15448
13678  1201  4427  8329
 1201  4614  1199  4427
 4614  4613  3386  1199
 4613  4612  3385  3386
 4612  4611  3382  3385
 4611  4610  3381  3382
 4610  4609  3380  3381
 4609  4608  3379  3380
 4608  3377  4607  3379
 3377  3469  4628  4607
 3469  1154  4645  4628
 1154  4422  1151  4645
 4422  1152  4421  1151
 1152  2560  4540  4421
 2560  2561  4541  4540
 2561  4465  1644  4541
 4465  1645  4464  1644
 1645  3337  4603  4464
 3337  3338  4604  4603
 3338  4445  1386  4604
 4445  8364 13717  1386
 8364  1387  4444 13717
 1387  8801 13682  4444
 8801  2960  4582 13682
 2960  8802 13701  4582
 8802  2961  4583 13701
 2961  9364 13695  4583
 9364  4535  2335 13695
 4535  2336  4534  2335
 2336  4187  4704  4534
 4187  4416  1125  4704
 4416  4415  1103  1125
 4415  1104  4414  1103
 1104  8268 13674  4414
 8268   296  4537 13674
  296  9363 13666  4537
 9363  2296  4532 13666
 2296  1015  4531  4532
 1015  4703  4134  4531
 4703  4702  1014  4134
 4702  2291  4530  1014
 2291  1011  4529  4530
 1011  4701  4122  4529
 4701  4700  1010  4122
 4700  2281  4528  1010
 2281  1009  4527  4528
 1009  4699  4116  4527
 4699  4697  1008  4116
 4698 14549 15626 11928
14549  4539 10798 15626
14550  4698  4696 15328
 4697 14550 15328  1008
 4539  2557 11862 10798
 2557  4602 11188 11862
 4602  4601 11187 11188
 4601  4600 11186 11187
 4600  4581 10999 11186
 4581  4580 10998 10999
 4580  4579 10997 10998
 4579  4578 10996 10997
 4578  2942 11877 10996
 2942  4533 10616 11877
 4533  1017 11925 10616
 1017  4139 11924 11925
 4139  4472 10337 11924
 4472  1667 11824 10337
 1667  4606 11253 11824
 4606 13689 13497 11253
13689  4471 10335 13497
 4471 13688 13358 10335
13688  4470 10334 13358
 4470 13662 13355 10334
13662 13663 13426 13355
13663 13664 13429 13426
13664  8414 13661 13429
 8414  4468  9513 13661
 4468 13687 13495  9513
13687  4469 10333 13495
 4469   751 11895 10333
  751  3363 11894 11895
 3363   152 11893 11894
  152  3006 11879 11893
 3006  4713 11740 11879
 4713  4712 10735 11740
 4712  1063 11855 10735
 1063  2408 11854 11855
 2408  4711 11739 11854
 4711  4710 11738 11739
 4710  4428 10087 11738
 4428  1202 11786 10087
 1202  4548 10889 11786
 4548  4484 10429 10889
 4484  4483 10428 10429
 4483  1784 11835 10428
 1784  3525 11901 11835
 3525  4476  9844 11901
 4476  1703 11897  9844
 1703  3423 11898 11897
 3423  3424 11899 11898
 3424  4450  9474 11899
 4450  4451 10208  9474
 4451  1456 11807 10208
 1456  3079 11880 11807
 3079  3080 11881 11880
 3080  4426 10074 11881
 4426  1198 11784 10074
 1198  3440 11900 11784
 3440  4477 10351 11900
 4477  1718 11827 10351
 1718  1719 11828 11827
 1719  4542  9636 11828
 4542  4543 10841  9636
 4543  2603 11865 10841
 2603  4494 10439 11865
 4494  1841 11838 10439
 1841  4660 11378 11838
 4660  3598 11902 11378
 3598  4567 10918 11902
 4567  4514 10482 10918
 4514  2183 11839 10482
 2183  4686 11433 11839
 4686  4007 11914 11433
 4007  4463 10244 11914
 4463  1603 11815 10244
 1603   714 11814 11815
  714  3279 11888 11814
 3279  4517  9485 11888
 4517  4518 10495  9485
 4518   981 11916 10495
  981  4028 11915 11916
 4028  4519  9544 11915
 4519  2203 11840  9544
14762  4718 11841 16218
 2203 14762 16218 12090
 4718 14761 14247 11927
14761  9424 13693 14247
 9424  4520  2204 13693
 4520  8527 13669  2204
 8527  4571   531 13669
 4571  8752 13727   531
 8752  2888  4573 13727
 2888  9417 13700  4573
 9417  9419 13699 13700
 9419  9420 13698 13699
 9420   532  4572 13698
  532  9310 13670  4572
 9310  4021  4689 13670
 4021  4687   976  4689
 4687  4688  4014   976
 4688  4515   977  4014
 4515  4516  2189   977
 4516  4568   526  2189
 4568  4569  2879   526
 4569   527  4570  2879
  527  4599  3270  4570
 4599  4461  1597  3270
 4461  1598  4460  1597
 1598  1600  4462  4460
 1600  2538  4538  4462
 2538  4419  1136  4538
 4419  8299 13675  1136
 8299  4417  1132 13675
 4417  8297 13715  1132
 8297  1134  4418 13715
 1134  9291 13676  4418
 9291  4684  3960 13676
 4684  9289 13711  3960
 9289  4683  3959 13711
 4683  9288 13710  3959
 9288  4682  3958 13710
 4682  9287 13709  3958
 9287  4681  3955 13709
 4681  9285 13707  3955
 9285 13708  9286 13707
13708  4680  3954  9286
 4680  9284 13736  3954
 9284 13737  9283 13736
13737  3953  4679  9283
 3953  9432 13692  4679
 9432  4508  2133 13692
 4508  8509 13723  2133
 2132 14876 16023 11908
14876   954 11907 16023
14877  2132  4509 14151
 8509 14877 14151 13723
  954  3947 11906 11907
 3947  4431  9450 11906
 4431  1235 11788  9450
 1235   421 11789 11788
  421  2697 11869 11789
 2697  2696 11870 11869
 2696  3648 11904 11870
 3648   851 11903 11904
  851  3649 11905 11903
 3649  4591  9769 11905
 4591  1429 11803  9769
 1429  4590 11077 11803
 4590  4475 10350 11077
 4475  1692 11826 10350
 1692  4627 11265 11826
 4627  4626 11264 11265
 4626  4625  9843 11264
 4625  4624 11263  9843
 4624  4623 11262 11263
 4623  3409 11896 11262
 3409  4425  9443 11896
 4425  1194 11783  9443
 1194  4546 10068 11783
 4546  4547 10848 10068
 4547  4641 10849 10848
 4641  4480 10364 10849
 4480 13690 13659 10364
13690  4643 10365 13659
 4643  3507  4644  4642
 3507  4593  3078  4644
 4593  4592    24  3078
 4592  1190  4423    24
 1190   379  4424  4423
  379  2625  4544  4424
 2625  2624  4545  4544
 2624  4634  3485  4545
 4634  4633  3484  3485
 4633  4632  3482  3484
 4632  3481  4631  3482
 3481   796  4630  4631
  796  3479  4629  4630
 3479  4586  3025  4629
 4586  3026  4587  3025
 3026  3027  4588  4587
 3027  3028  4589  4588
 3028  4473    67  4589
 4473  4474  1681    67
 4474   765  4620  1681
  765  4619  3392  4620
 4619  4618  3391  3392
 4618  4617  3390  3391
 4617  4616  3389  3390
 4616  4615  3387  3389
 4615  8928 13713  3387
 8928  4714  4324 13713
 4714  4715  4325  4324
 4715  9414 13744  4325
 9414  9413 13743 13744
 9413 13741  9426 13743
13741  9412 13742  9426
 4594 15035 15658 11785
15035 13728 13456 15658
15036  4594  4719 15447
 9412 15036 15447 13742
13728 13729 13457 13456
13729 13730 13458 13457
13730  3083 11882 13458
 3083  4452 10216 11882
 4452  1459 11808 10216
 1459  1460 11809 11808
 1460  2460 11857 11809
 2460  4413 10019 11857
 4413  1088 11772 10019
 1088  4420 10041 11772
 4420  1149 11776 10041
 1149 13667 13658 11776
13667  4695  9611 13658
15075  4113 11928 16427
 4695 15075 16427  9611
 4113 15074 15329  4696
15074  4694  4112 15329
 4694  4691   999  4112
 4691 13712  9344   999
13712  4692  4087  9344
 4692  4523  2254  4087
 4523  2253  4524  2254
 2253  4658  3573  4524
 4658  4490  1819  3573
 4490  1818  4491  1819
 1818  3546  4647  4491
 3546  3548  4648  4647
 3548  3549  4649  4648
 3549  4549  2646  4649
 4549  4487   176  2646
 4487  1804  4485   176
 1804   820  4486  4485
  820 13672  9428  4486
 4655 15129 14025  4716
15129  9125 13734 14025
15130  4655  3556 15279
13672 15130 15279  9428
 9125  9124 13733 13734
 9124  9123 13732 13733
 9123  3557  4654 13732
 3557  9128 13705  4654
 9128  4657  3560 13705
 4657  3561  4656  3560
 3561  4596  3101  4656
 4596  3102  4595  3101
 3102  4661  3731  4595
 4661  4496  1951  3731
 4496  1952  4495  1951
 1952  1954  4497  4495
 1954  1955  4498  4497
 1955  3739  4662  4498
 3739  4499  1957  4662
 4499  1959  4500  1957
 1959  3162  4597  4500
 3162  4454  1518  4597
 4454  1519  4453  1518
 1519  1521  4455  4453
 1521  1522  4456  4455
 1522  3171  4598  4456
 3171  4457  1524  4598
 4457  1526  4458  1524
 1526  4065  4690  4458
 4065  4521  2236  4690
 4521  2235  4522  2236
 2235  4575  2906  4522
 4575  4574  2905  2906
 4574  4438  1356  2905
 4438  1355  4439  1356
 1355  1368  4443  4439
 1368  4693  4103  4443
 4693  4525  2266  4103
 4525  2265  4526  2266
 2265  4577  2923  4526
 4577  4576  2922  2923
 4576  4442  1366  2922
 4442  4441  1365  1366
 4441  1363  4440  1365
 1363  4659  3579  4440
 4659  4492  1824  3579
 4492  1823  4493  1824
 1823  4554  2660  4493
 4554  4553  2659  2660
 4553  4429  1214  2659
 4429  1213  4430  1214
 1213  3552  4650  4430
 3552 13702  9119  4650
13702  3554  4651  9119
 3554 13703  9120  4651
13703  3555  4652  9120
 3555 13704  9121  4652
 3556 15279 15130  4655
15279  9428 13672 15130
15280  3556  4653 13862
13704 15280 13862  9121
 9428  4486   820 13672
 4486  4485  1804   820
 4485   176  4487  1804
  176  2646  4549  4487
 2646  4649  3549  4549
 4649  4648  3548  3549
 4648  4647  3546  3548
 4647  4491  1818  3546
 4491  1819  4490  1818
 1819  3573  4658  4490
 3573  4524  2253  4658
 4524  2254  4523  2253
 2254  4087  4692  4523
 4087  9344 13712  4692
 9344   999  4691 13712
  999  4112  4694  4691
15329  4696  4113 15074
 4112 15329 15074  4694
 4696 15328 14550  4698
15328  1008  4697 14550
 1008  4116  4699  4697
 4116  4527  1009  4699
 4527  4528  2281  1009
 4528  1010  4700  2281
 1010  4122  4701  4700
 4122  4529  1011  4701
 4529  4530  2291  1011
 4530  1014  4702  2291
 1014  4134  4703  4702
 4134  4531  1015  4703
 4531  4532  2296  1015
 4532 13666  9363  2296
13666  4537   296  9363
 4537 13674  8268   296
13674  4414  1104  8268
 4414  1103  4415  1104
 1103  1125  4416  4415
 1125  4704  4187  4416
 4704  4534  2336  4187
 4534  2335  4535  2336
 2335 13695  9364  4535
13695  4583  2961  9364
 4583 13701  8802  2961
13701  4582  2960  8802
 4582 13682  8801  2960
13682  4444  1387  8801
 4444 13717  8364  1387
13717  1386  4445  8364
 1386  4604  3338  4445
 4604  4603  3337  3338
 4603  4464  1645  3337
 4464  1644  4465  1645
 1644  4541  2561  4465
 4541  4540  2560  2561
 4540  4421  1152  2560
 4421  1151  4422  1152
 1151  4645  1154  4422
 4645  4628  3469  1154
 4628  4607  3377  3469
 4607  3379  4608  3377
 3379  3380  4609  4608
 3380  3381  4610  4609
 3381  3382  4611  4610
 3382  3385  4612  4611
 3385  3386  4613  4612
 3386  1199  4614  4613
 1199  4427  1201  4614
 4427  8329 13678  1201
 4719 15447 15036  4594
15447 13742  9412 15036
15448  4719 11785 14427
 8329 15448 14427 13678
13742  9426 13741  9412
 9426 13743  9413 13741
13743 13744  9414  9413
13744  4325  4715  9414
 4325  4324  4714  4715
 4324 13713  8928  4714
13713  3387  4615  8928
 3387  3389  4616  4615
 3389  3390  4617  4616
 3390  3391  4618  4617
 3391  3392  4619  4618
 3392  4620   765  4619
 4620  1681  4474   765
 1681    67  4473  4474
   67  4589  3028  4473
 4589  4588  3027  3028
 4588  4587  3026  3027
 4587  3025  4586  3026
 3025  4629  3479  4586
 4629  4630   796  3479
 4630  4631  3481   796
 4631  3482  4632  3481
 3482  3484  4633  4632
 3484  3485  4634  4633
 3485  4545  2624  4634
 4545  4544  2625  2624
 4544  4424   379  2625
 4424  4423  1190   379
 4423    24  4592  1190
   24  3078  4593  4592
 3078  4644  3507  4593
 1662   533 11874 11818
  533  1347 11793 11874
 1347    55 11792 11793
   55  4446 10164 11792
 4446  4584  9738 10164
 4584  1604 11817  9738
 1604 13686 13350 11817
13686   129 11816 13350
  129 13660 13420 11816
13660  4536 10661 13420
 4536 13724 13419 10661
13724   329 11861 13419
  329  1137 11775 11861
 1137 13677 13325 11775
13677     1 11774 13325
    1  4673 10026 11774
 7337  7336  3834  3835
 4673   318 11773 10026
 3836  7337  3835  7338
  318  2522 11859 11773
 7339  3836  7338  3837
 2522   118 11860 11859
 3838  7339  3837  7340
  118  1573 11811 11860
 7341  3838  7340  3841
 1573   696 11812 11811
 3842  7341  3841  7342
  696  3238 11885 11812
 7343  3842  7342  3843
 3238    45 11886 11885
 3844  7343  3843  7344
   45  1318 11790 11886
 7345  3844  7344  3853
 1318   504 11791 11790
 3854  7345  3853  7346
  504  2840 11871 11791
 7347  3854  7346  3855
 5822  7347  3855   214
 2840  2839 11872 11871
 2839  4676 11409 11872
 4676  4675 11408 11409
 4675  4674 11407 11408
 4674  4459 10237 11407
 4459  1574 11813 10237
 1574  3239 11887 11813
 3239  4560 10917 11887
 4560  2841 11873 10917
 2841  4678 11422 11873
 4678  3949 11909 11422
 3949  9431 13706 11909
 9431  4677 11421 13706
 4677  9280 13735 11421
 9280 13745 16022 13735
13745  4717 11908 16022
 4717 15625 14152  4509
15625  9416 13722 14152
 9611 13658 13667  4695
13658 11776  1149 13667
11776 10041  4420  1149
10041 11772  1088  4420
11772 10019  4413  1088
10019 11857  2460  4413
11857 11809  1460  2460
11809 11808  1459  1460
11808 10216  4452  1459
10216 11882  3083  4452
11882 13458 13730  3083
13458 13457 13729 13730
13457 13456 13728 13729
15658 11785  4594 15035
13456 15658 15035 13728
11927 15845 16219 11841
15845 13656 13740 16219
13656 13655 13739 13740
13655 13654 13738 13739
13654 11454 11917 13738
11454 13506 13671 11917
13506 11890  9804 13671
11890 13480 13731  9804
13480 11163 11889 13731
11163 13479 13681 11889
13479 11796 10134 13681
11796 13335 13680 10134
13335 11794 10132 13680
11794 13334 13716 10132
13334 10131 11795 13716
10131 13439 13679 11795
13439 11875 10967 13679
11875 13438 13694 10967
13438 11844 10570 13694
11844 11842 10568 10570
11842 10567 11843 10568
10567 11919 11540 11843
11919 11539 11920 11540
11539 11782 10055 11920
11782 11780 10053 10055
11780 10052 11781 10053
10052 11864 10815 11781
11864 11823 10317 10815
11823 11821 10315 10317
11821 10314 11822 10315
10314 11892 11227 11822
11892 13685 13494 11227
13685 11802 10176 13494
11802 13684 13341 10176
13684 11800 10174 13341
11800 13718 13340 10174
13718 10173 11801 13340
10173 13683 13455 11801
13683 11878 11036 13455
11878 13697 13454 11036
13697 11853 10685 13454
11853 13696 13405 10685
13696 11851 10683 13405
11851 13725 13404 10683
13725 10682 11852 13404
10682 11926 11676 11852
11926 11779 10050 11676
11779 11777 10048 10050
11777 10047 11778 10048
10047 11863 10807 11778
11863 11820 10302 10807
11820 13354 13719 10302
13659 10364  4480 13690
10364 10849  4641  4480
10849 10848  4547  4641
10848 10068  4546  4547
10068 11783  1194  4546
11783  9443  4425  1194
 9443 11896  3409  4425
11896 11262  4623  3409
11262 11263  4624  4623
11263  9843  4625  4624
 9843 11264  4626  4625
11264 11265  4627  4626
11265 11826  1692  4627
11826 10350  4475  1692
10350 11077  4590  4475
11077 11803  1429  4590
11803  9769  4591  1429
 9769 11905  3649  4591
11905 11903   851  3649
11903 11904  3648   851
11904 11870  2696  3648
11870 11869  2697  2696
11869 11789   421  2697
11789 11788  1235   421
11788  9450  4431  1235
 9450 11906  3947  4431
11906 11907   954  3947
16023 11908  2132 14876
11907 16023 14876   954
11908 16022 13745  4717
16022 13735  9280 13745
13735 11421  4677  9280
11421 13706  9431  4677
13706 11909  3949  9431
11909 11422  4678  3949
11422 11873  2841  4678
11873 10917  4560  2841
10917 11887  3239  4560
11887 11813  1574  3239
11813 10237  4459  1574
10237 11407  4674  4459
11407 11408  4675  4674
11408 11409  4676  4675
11409 11872  2839  4676
11872 11871  2840  2839
11871 11791   504  2840
11791 11790  1318   504
11790 11886    45  1318
11886 11885  3238    45
11885 11812   696  3238
11812 11811  1573   696
11811 11860   118  1573
11860 11859  2522   118
11859 11773   318  2522
11773 10026  4673   318
10026 11774     1  4673
11774 13325 13677     1
13325 11775  1137 13677
11775 11861   329  1137
11861 13419 13724   329
13419 10661  4536 13724
10661 13420 13660  4536
13420 11816   129 13660
11816 13350 13686   129
13350 11817  1604 13686
11817  9738  4584  1604
 9738 10164  4446  4584
10164 11792    55  4446
11792 11793  1347    55
11793 11874   533  1347
11874 11818  1662   533
11818 11819  4467  1662
11819 13719 13354 10300
13719 10302 11820 13354
10302 10807 11863 11820
10807 11778 10047 11863
11778 10048 11777 10047
10048 10050 11779 11777
10050 11676 11926 11779
11676 11852 10682 11926
11852 13404 13725 10682
13404 10683 11851 13725
10683 13405 13696 11851
13405 10685 11853 13696
10685 13454 13697 11853
13454 11036 11878 13697
11036 13455 13683 11878
13455 11801 10173 13683
11801 13340 13718 10173
13340 10174 11800 13718
10174 13341 13684 11800
13341 10176 11802 13684
10176 13494 13685 11802
13494 11227 11892 13685
11227 11822 10314 11892
11822 10315 11821 10314
10315 10317 11823 11821
10317 10815 11864 11823
10815 11781 10052 11864
11781 10053 11780 10052
10053 10055 11782 11780
10055 11920 11539 11782
11920 11540 11919 11539
11540 11843 10567 11919
11843 10568 11842 10567
10568 10570 11844 11842
10570 13694 13438 11844
13694 10967 11875 13438
10967 13679 13439 11875
13679 11795 10131 13439
11795 13716 13334 10131
13716 10132 11794 13334
10132 13680 13335 11794
13680 10134 11796 13335
10134 13681 13479 11796
13681 11889 11163 13479
11889 13731 13480 11163
13731  9804 11890 13480
 9804 13671 13506 11890
13671 11917 11454 13506
11917 13738 13654 11454
13738 13739 13655 13654
13739 13740 13656 13655
16219 11841 11927 15845
13740 16219 15845 13656
11841 16218 14762  4718
16218 12090  2203 14762
12090 16225 16226 11840
16225 12089 10496 16226
16226 11840 12090 16225
10496 16226 16225 12089
11840  9544  4519  2203
12835 10496 12836 11450
 9544 11915  4028  4519
12837 12835 11450 11451
11915 11916   981  4028
11452 12837 11451 12838
11916 10495  4518   981
12329 11452 12838 10926
10495  9485  4517  4518
 9485 11888  3279  4517
11888 11814   714  3279
11814 11815  1603   714
11815 10244  4463  1603
10244 11914  4007  4463
11914 11433  4686  4007
11433 11839  2183  4686
11839 10482  4514  2183
10482 10918  4567  4514
10918 11902  3598  4567
11902 11378  4660  3598
11378 11838  1841  4660
11838 10439  4494  1841
10439 11865  2603  4494
11865 10841  4543  2603
10841  9636  4542  4543
 9636 11828  1719  4542
11828 11827  1718  1719
11827 10351  4477  1718
10351 11900  3440  4477
11900 11784  1198  3440
11784 10074  4426  1198
10074 11881  3080  4426
12464 12685 11306  9773
11881 11880  3079  3080
12463 12464  9773 11086
11880 11807  1456  3079
 9772 12463 11086 12454
11807 10208  4451  1456
10208  9474  4450  4451
 9474 11899  3424  4450
11899 11898  3423  3424
11898 11897  1703  3423
11897  9844  4476  1703
 9844 11901  3525  4476
11901 11835  1784  3525
11835 10428  4483  1784
10428 10429  4484  4483
10429 10889  4548  4484
10889 11786  1202  4548
11786 10087  4428  1202
10087 11738  4710  4428
11738 11739  4711  4710
11739 11854  2408  4711
11854 11855  1063  2408
11855 10735  4712  1063
10735 11740  4713  4712
11740 11879  3006  4713
11879 11893   152  3006
11893 11894  3363   152
11894 11895   751  3363
11895 10333  4469   751
10333 13495 13687  4469
13495  9513  4468 13687
 9513 13661  8414  4468
13661 13429 13664  8414
13429 13426 13663 13664
13426 13355 13662 13663
13355 10334  4470 13662
10334 13358 13688  4470
13358 10335  4471 13688
10335 13497 13689  4471
13497 11253  4606 13689
11253 11824  1667  4606
11824 10337  4472  1667
10337 11924  4139  4472
11924 11925  1017  4139
11925 10616  4533  1017
10616 11877  2942  4533
11877 10996  4578  2942
10996 10997  4579  4578
10997 10998  4580  4579
10998 10999  4581  4580
10999 11186  4600  4581
11186 11187  4601  4600
11187 11188  4602  4601
11188 11862  2557  4602
11862 10798  4539  2557
10798 15626 14549  4539
15626 11928  4698 14549
11928 16427 15075  4113
16427  9611  4695 15075
 4644  4642  4643  3507
 4642 15533 15947 10365
15533   804 11832 15947
  804  4640 11282 11832
 4640  4639  9851 11282
 4639  1769 11831  9851
 1769   802 11830 11831
  802  4638 11281 11830
 4638  4637 11280 11281
 4637  4636 11277 11280
 4636  4635 11278 11277
 4635  4478  9849 11278
 4478  4479 10355  9849
 4479  1767 11829 10355
 1767  4622 11254 11829
 4622  4621 10339 11254
 4621   769 11825 10339
  769  4646 11319 11825
 4646  4482 10389 11319
 4482  4481 10390 10389
 4481   173 11833 10390
  173  4708 11654 11833
 4708  4709  9979 11654
 4709  2407 11850  9979
 2407   263 11849 11850
  263  4585 11026 11849
 4585  4448  9740 11026
 4448  4449 10166  9740
 4449  4447 10165 10166
 4447  1408 11799 10165
 1408  4707  9739 11799
 4707  4706 11652  9739
 4706  4705  9978 11652
 4705  2394 11848  9978
 2394   151 11847 11848
  151  4605 11209 11847
 4605   750 11891 11209
  750  4466 11771 11891
 4466 15534 15946 11771
15534  4467 10300 15946
 4467  1662 11818 11819
13354 10300 11819 13719
10300 15946 15534  4467
15946 11771  4466 15534
11771 11891   750  4466
11891 11209  4605   750
11209 11847   151  4605
11847 11848  2394   151
11848  9978  4705  2394
 9978 11652  4706  4705
11652  9739  4707  4706
 9739 11799  1408  4707
11799 10165  4447  1408
10165 10166  4449  4447
10166  9740  4448  4449
 9740 11026  4585  4448
11026 11849   263  4585
11849 11850  2407   263
11850  9979  4709  2407
 9979 11654  4708  4709
11654 11833   173  4708
11833 10390  4481   173
10390 10389  4482  4481
10389 11319  4646  4482
11319 11825   769  4646
11825 10339  4621   769
10339 11254  4622  4621
11254 11829  1767  4622
11829 10355  4479  1767
10355  9849  4478  4479
 9849 11278  4635  4478
11278 11277  4636  4635
11277 11280  4637  4636
11280 11281  4638  4637
11281 11830   802  4638
11830 11831  1769   802
11831  9851  4639  1769
 9851 11282  4640  4639
11282 11832   804  4640
11832 15947 15533   804
15947 10365  4642 15533
10365 13659 13690  4643
