1560
  628   993  1996  2021
  620   624  1943  2003
   68    66  1761  1399
   71    50  1406  1405
  640   851  2340  2339
   61  1429  3089  3090
  660   662  2075  2072
 1429  1745   443  3089
  593  1956  3185  1952
  689   691  1455  2116
   94  1459  3280  3281
 1459   118  1460  3280
  136   105  2079  1475
  127  1474   133  1468
  143   136  1489  1487
 1474   900  2427   133
  592   160  1481  1949
  708   709  2139  2137
 1488  1489  1475   171
 1503   166  2132   180
  184   183  1510  1497
  176  1502   186  1506
  171   215  1529  1488
 1529  1488   171   215
  215   219  1550  1529
  262  1550   219  1560
  219  1560   262  1550
  271   262  1560  1598
 1560  1598   271   262
  286   271  1598  1604
 1598  1604   286   271
  312   286  1604  1634
 1604  1634   312   286
 1634   341  1642   312
 1642   312  1634   341
  352  1642   341  1673
  377   352  1673  1681
  341  1673   352  1642
 1673  1681   377   352
  390   373  1687  1693
 1693   374  1704   390
  393   377  1681  1697
 1681  1697   393   377
 1705  1704   374   385
 1697  1705   385   393
  760   981  1974  2222
  763  1059  2221  2227
  768  1023  2105  2233
  775  1071  2228  2241
  502   413  3097  1847
  537   539  1895  1893
  790    49  3078  2273
 1822  1823   492   490
 1831  1822   490   497
 1848   503  1845    75
 1858  1852  3104    87
  656   657  3186  2066
 1893  1892   197   537
 1895  1893   537   539
 1916  1917   776  4496
 1917   777  2247   776
 1926  1925   771   770
  767  1079  2231  1927
  762  1067  2224  1932
 1932   763  2227   762
  697   787  1946  2122
  710  1946   787  2141
 1956  3186   657  3185
 1975   980  2577   605
 1977  1975   605   606
  607  1977   606  1934
 1989  1988   615   611
 1997   992  2594   614
 1988  1997   614   615
  616  1989   611  1940
 2003  2004   623   620
 2006   616  1940   621
 2008  2006   621   622
 1943  2003   620   624
  633   998  2601  2027
 2027  1943   624   633
 2106  1022  2645   682
  683  2106   682  1928
 2123   710  2141   698
 2137  2123   698   708
 2144  2147  5743   707
 2147  1947   712  5743
 2192  2190  6289   741
 2196  2192   741   743
 2222  1058  2727   760
 2227   762  1932   763
 2233   767  1927   768
  771   770  1926  1925
 2239   683  1928   774
 2241  2239   774   775
 2247   776  1917   777
 2249  2250   778   779
  780  2249   779  1920
 2261   671  4382   783
 7436  2261   783   784
  851  2338   852  2340
 2338  1410    56   852
  857  2346   861  2356
 2348   857  2356    36
 2349  2350  2355    55
 2350  2353  2992   858
 2346  2355   858   861
 2355    55  2349  2350
   55   862  1407  2349
 1410  1407   862    56
 1407  2349    55   862
 2388  2387   873   874
  895  2412   122  2420
 2412   897  2409   122
 2427   133  1474   900
  902  2431   904  2432
 2431   903  1479   904
  907   895  2420  2422
 2478  2479   928   923
 2480  2478   923   924
  981  2577   980  1974
 1974  2222   760   981
 2577   605  1975   980
  993  2594   992  1996
 2594   614  1997   992
  998  2600  1001  2601
 2600   655  2062  1001
 1023  2645  1022  2105
 2105  2233   768  1023
 2645   682  2106  1022
 1059  2727  1058  2221
 2727   760  2222  1058
 1067  2736  1066  2224
 2224  1932   762  1067
 2736   765  1929  1066
 1071  2740  1070  2228
 2740  1929   765  1070
 2231  1927   767  1079
 2235  1926   770  1085
 2863   832  2306   831
 2865  2863   831  2906
 2867  2865  2906  2905
 2902  2867  2905  2904
   36  2894  2897  2348
 2894  2896  2900  2897
 2896  2899  2903  2900
 2899  2902  2904  2903
 1001  2601   998  2600
 2356    36  2348   857
  861  2356   857  2346
 1761  1399    68    66
  858   861  2346  2355
 2992   858  2350  2353
  862    56  1410  1407
 2353  1406    50  2992
   50  2992  2353  1406
   56   852  2338  1410
  852  2340   851  2338
 2897  2348    36  2894
 2900  2897  2894  2896
 2903  2900  2896  2899
 2904  2903  2899  2902
 2905  2904  2902  2867
 2906  2905  2867  2865
  831  2906  2865  2863
  492   490  1822  1823
   63   492  1823  1826
 1832  3049  4216    69
 4216    69  1832  3049
 1399   873  2387    68
 4067  3078    49  3082
   49  3082  4067  3078
 3078  2273   790    49
 3096    71  1405  3098
 1719  3096  3098  3097
 1845    75  1848   503
 3111  3107  3114  3113
 3107  3104    90  3114
 1842  3109  3112  1848
 3109  3111  3113  3112
 3090  1842    75    61
 3089  3090    61  1429
  443  3089  1429  1745
  662   692  2117  2075
 4085   790  2273  2271
  879  2399   876  2393
  874   879  2393  2388
 2399   442  1743   876
  873   874  2388  2387
  442   443  1745  1743
 3154   505  4336  3155
   69  3154  3155  1832
 4337    90  1852  1853
  466    83  4084  1775
  834  2307   833  1444
 1444   835  2311   834
  833  1444   834  2307
  832   833  2307  2306
 3104    87  1858  1852
  691   697  2122  1455
 3341  1460   118  1463
 3281    63  1826    94
 3280  3281    94  1459
 1460  3280  1459   118
  897  2424   891  2409
 2424   593  1952   891
  118  1463  3341  1460
 1463  3340   117  3341
  117  3341  1463  3340
  133  1468   127  1474
 1468   117  3340   127
 3340   127  1468   117
  534  1890   538  1480
 1479   904  2431   903
 1475   171  1488  1489
 1480  1889   836   534
 1949   706  2135   592
 1481  1949   592   160
 1500   143  1487   156
  174  1500   156  1524
 1487   156  1500   143
 1489  1487   143   136
 2127  2126   700   701
  180   186  1502  1503
  183   176  1506  1510
 1497   185  1516   184
 2132   180  1503   166
 1516   184  1497   185
  105   664  2077  2079
 2447  2132   166   705
  185   174  1524  1516
  148   197  1892   148
 1506  1510   183   176
  186  1506   176  1502
 1510  1497   184   183
  156  1524   174  1500
 1524  1516   185   174
 1550  1529   215   219
  197   537  1893  1892
 9356  1617  9372  2466
  373   359   359  1687
  359  1687   373   359
  374   385  1705  1704
 1687  1693   390   373
  385   393  1697  1705
 1704   390  1693   374
  538  1480   534  1890
 1847  1845   503   502
 1406  1405    71    50
 3097  1847   502   413
 3098  3097  1719  3096
 1405  3098  3096    71
  503   502  1847  1845
 1775    96    96   466
   96   466  1775    96
 4156  1858    87  3938
  539   538  1890  1895
  731  1916  4496  4497
  927  2491  9361  2464
  920   928  2479  2467
  743   297   297  2196
   66  4067  3082  1761
 3082  1761    66  4067
 2273  2271  4085   790
 4084  1775   466    83
 2271  4084    83  4085
   83  4085  2271  4084
  497   496  4215  1831
  490   497  1831  1822
 4158   112   112  4154
  112  4154  4158   112
   87  3938  4156  1858
 4154  4156  3938  4158
 3938  4158  4154  4156
 1823  1826    63   492
 4215  1831   497   496
 3049  4215   496  4216
  496  4216  3049  4215
 1852  1853  4337    90
 3112  1848  1842  3109
 3113  3112  3109  3111
 3114  3113  3111  3107
   90  3114  3107  3104
 3155  1832    69  3154
 4336  3155  3154   505
 1853  4336   505  4337
  505  4337  1853  4336
 1826    94  3281    63
 4382   783  2261   671
 4380  4382   671  4383
 4378  4380  4383  4381
  533  4378  4381  4379
 4379    65    65   533
 4381  4379   533  4378
 4383  4381  4378  4380
  671  4383  4380  4382
 1889  2311   835   836
 1890  1895   539   538
 1892   148   148   197
  555  1911   739  2188
  776  4496  1916  1917
 4496  4497   731  1916
  778   779  2249  2250
  777   778  2250  2247
  924   927  2464  2480
  923   924  2480  2478
 1927   768  2233   767
 1928   774  2239   683
  682  1928   683  2106
 1934   627  2018   607
  606  1934   607  1977
  615   611  1989  1988
  614   615  1988  1997
  621   622  2008  2006
  623   620  2003  2004
  622   623  2004  2008
 2117  2075   662   692
  160   700  2126  1481
 3186  2066   656   657
  627   628  2021  2018
 1996  2021   628   993
  992  1996   993  2594
  624   633  2027  1943
 2339   663  2081   640
 2340  2339   640   851
   75    61  3090  1842
 3185  1952   593  1956
  657  3185  1956  3186
 2091   660  2072   659
 1945  2091   659   673
 2077  2079   105   664
 2079  1475   136   105
 2081   640  2339   663
   65   533  4379    65
  664  2081   663  2077
 2439  2447   705   909
  909   907  2422  2439
  705   909  2439  2447
  166   705  2447  2132
  706  1479   903  2135
  904  2432   902  2431
  707   711  2142  2144
 5725  2139   709  5724
  711  5725  5724  2142
  712  5743  2147  1947
 5743   707  2144  2147
 2142  2144   707   711
 6059   731  4497   725
 4497   725  6059   731
 6063   728  2166   727
 6062  6059   725  6060
 6064  6062  6060  6061
  727  6064  6061  6063
  250  2166   728   250
  728   250   250  2166
 6255   739  1911  6254
 1911  6254  6255   739
 9396  6260  9397  6261
 9397  6261  9396  6260
 6261  6263  9395  9396
 6263   740  6267  9395
  739  2188   555  1911
 6279   555  2188  9353
 9372  2466  9356  1617
 2466  6279  9353  9356
 2190  6267   740  6289
  741   743  2196  2192
  297  2196   743   297
 2221  2227   763  1059
 1058  2221  1059  2727
 2228  2241   775  1071
 1070  2228  1071  2740
  765  1070  2740  1929
 1929  1066  2736   765
 2238   919  2491   772
  773  2238   772  1924
 2491   772  2238   919
 2250  2247   777   778
 6061  6063   727  6064
 6060  6061  6064  6062
  725  6060  6062  6059
 2260  7384  7385   782
 7384   780  1920  7385
 7385   782  2260  7384
 1920  7385  7384   780
  779  1920   780  2249
 9376   920  2467  2469
  928   923  2478  2479
 7442   786  5133  7441
  784  7442  7441  7436
  783   784  7436  2261
 7441  7436   784  7442
 5133  7441  7442   786
 5135  5133   786  5132
 5137  5135  5132  5134
 5138  5137  5134  5136
 2066  5138  5136   656
 1502  1503   180   186
  835   836  1889  2311
  836   534  1480  1889
 2387    68  1399   873
  876  2393   879  2399
 1743   876  2399   442
 2393  2388   874   879
 2409   122  2412   897
  891  2409   897  2424
 1952   891  2424   593
 2420  2422   907   895
 9307  2427   900  9305
  900  9305  9307  2427
 2432  9307  9305   902
 9305   902  2432  9307
 2422  2439   909   907
  122  2420   895  2412
 9361  2464   927  2491
 9365  9361   919  9364
  919  9364  9365  9361
 1617  9365  9364  9372
 9364  9372  1617  9365
 2464  2480   924   927
 9353  9356  2466  6279
 2188  9353  6279   555
 2467  2469  9376   920
 2469  2260   782  9376
  782  9376  2469  2260
 6267  9395  6263   740
 9395  9396  6261  6263
 6260  6255  6254  9397
 6254  9397  6260  6255
 2479  2467   920   928
 5136   656  2066  5138
 5134  5136  5138  5137
 5132  5134  5137  5135
  786  5132  5135  5133
 2753   771  1925  1078
 1079  2753  1078  2231
 2760   773  1924  1084
 1085  2760  1084  2235
  770  1085  2235  1926
  663  2077   664  2081
10149 10305 10241 10307
10150 10149 10307 10308
10307 10308 10150 10149
10308 10309 10151 10150
10152 10151 10309 10310
10309 10310 10152 10151
10322 10152 10310 10179
10179 10189 10348 10322
10183 10175 10351 10352
10175 10191 10356 10351
10356 10351 10175 10191
10206 10225 10382 10369
10225 10210 10378 10382
10210 10213 10377 10378
10216 10214 10388 10387
10377 10378 10210 10213
10382 10369 10206 10225
10384 10199 10355 10222
10387 10377 10213 10216
10222 10388 10214 10384
10236 10142 10303 10406
10305 10303 10142 10241
10142 10241 10305 10303
10303 10406 10236 10142
10310 10179 10322 10152
10199 10183 10352 10355
10351 10352 10183 10175
10204 10356 10191 10368
10191 10368 10204 10356
10352 10355 10199 10183
10189 10206 10369 10348
10213 10216 10387 10377
10214 10384 10222 10388
10368 10207 10207 10204
10355 10222 10384 10199
10388 10387 10216 10214
10378 10382 10225 10210
10207 10204 10368 10207
10241 10307 10149 10305
 1175  1185    74    60
 1185 10541  3216    74
10541  1186    97  3216
 1186 10689  4145    97
10689 10690  4144  4145
10690 10691  4140  4144
10747  1346  1305 11445
10691 10747 11445  4140
 1346 10746 12818    88
10746  1967   600 12818
 1967 10754 10755  1201
10754  1719   413 10755
10755  1201  1967 10754
  413 10755 10754  1719
 1201  1277   513   600
 1277  1310   514   513
 1310  1187   504   514
 1187  1308   508   504
 1308  4341 10692   508
 4341   507  1188 10692
  507  1345   598  1188
 1345  1176    72   598
 1176    70  1177    72
   70  1303   498  1177
 1303  1344   499   498
 1344  1306   491   499
 1306  1314   530   491
 1314  1315   531   530
 1315  1316   532   531
 1316  1343   595   532
 1343 10650  9476   595
10650  1174   521  9476
 1174  1311   522   521
 1311 10687  3073   522
10687    78  1179  3073
   78  1210   123  1179
 1210 10566  9318   123
10566  1218   132  9318
 1218  3407 10578   132
 3407  1221   146 10578
 1221  3440 10720   146
 3440   158  1223 10720
  158  3443 10581  1223
 3443  1225   169 10581
 2126  1481   160   700
 1225  3449 10723   169
 3449  3451 10722 10723
 3451  3452 10721 10722
 3452   173  1229 10721
 1947  2127   701   712
  173  5740 10590  1229
 5740  5751 10589 10590
 5751  5750 10588 10589
 5750  5747 10587 10588
 5747  5739 10586 10587
 5739   170  1230 10586
 5724  2142   711  5725
  709  5724  5725  2139
  170   167  1227  1230
  698   708  2137  2123
  167  1217   142  1227
 1217   590  1353   142
 2141   698  2123   710
  787  2141   710  1946
  590 10668  4591  1353
10668  5419 10669  4591
 5419   114  1341 10669
  114  1189   102  1341
 1189  1352   588   102
  692   689  2116  2117
 1352  1178    77   588
 1178    73  1183    77
   73  5354 10538  1183
 5354    57  1173 10538
  655  1945   673  2062
   57  1155    39  1173
 1155  1348   586    39
 1348  1153    35   586
 1153  1349   585    35
 1349   584  1152   585
  584   583  1337  1152
 1940   621  2006   616
  611  1940   616  1989
  583  1143    18  1337
 1143   582  1347    18
  582   581  1148  1347
  581   580  1336  1148
  580   579  1335  1336
  579   578  1154  1335
  605   606  1977  1975
  578   577  1156  1154
  577   576  1334  1156
  576   575  1333  1334
  575   574  1165  1333
 1066  2224  1067  2736
  574   573  1332  1165
  573  9891 10662  1332
 9891   572  1331 10662
  774   775  2241  2239
  572  7343 10661  1331
 7343   571  1330 10661
  571 10660  3275  1330
10660   570  1200  3275
  570   569  1328  1200
  569 10659  3334  1328
10659   568  1206  3334
 1078  2231  1079  2753
  568   567  1327  1206
 1925  1078  2753   771
  567   566  1219  1327
 1084  2235  1085  2760
  566   565  1326  1219
 1924  1084  2760   773
  772  1924   773  2238
  565  7312 10658  1326
 7312  7316 10657 10658
 7316  7317 10656 10657
 7317   564  1325 10656
  564  9401 10655  1325
 9401   563  1324 10655
  563   562  1323  1324
  562   561  1322  1323
  561 10654  3675  1322
10654   560  1238  3675
  560 10651  9854  1238
10651 10652  9859  9854
10652 10653  3965  9859
10653   559  1280  3965
  559 10618  4512  1280
10618  1281   424  4512
 1281  4507 10621   424
 4507  4502 10620 10621
 4502  3967 10619 10620
 3967  1282   425 10619
 1282  1283   426   425
 2166   727  6063   728
 1283  3970 10624   426
 3970  6084 10623 10624
 6084  6085 10622 10623
 6085  1284   428 10622
 1284  1355   558   428
 1355 10615  9425   558
10615 10616  9421  9425
10616 10617  6166  9421
10617  1278   420  6166
 1278  1279   421   420
 1279  1253   423   421
 1253 10725  6341   423
10725   556  1357  6341
  556 10635  6451  1357
10635  9398 10634  6451
 9398  1285   431 10634
 1285  1286   433   431
 1286  1356   434   433
 1356  6314 10727   434
 6314   432  1268 10727
  432  6291 10638  1268
 6291  6292 10637 10638
 6292  6293 10636 10637
 6293   430  1266 10636
 6289   741  2192  2190
  740  6289  2190  6267
  430  6290 10633  1266
 6290   429  1264 10633
  429  4470 10632  1264
 4470  4469 10631 10632
 4469  4468 10630 10631
 4468 10625  3773 10630
10625  9371 10629  3773
 9371  9370 10628 10629
 9370  9369 10627 10628
 9369  6284 10626 10627
 6284   411  1249 10626
  411  7299 10613  1249
 7299  7303 10612 10613
 7303  7306 10611 10612
 7306 10606  3910 10611
10606  7320 10610  3910
 7320  7323 10609 10610
 7323  7336 10608 10609
 7336  7338 10607 10608
 7338   410  1276 10607
  410  9895 10605  1276
 9895   408  1274 10605
  408  9893 10604  1274
 9893   407  1273 10604
 1022  2105  1023  2645
  407  1182    81  1273
 1182  3120 10688    81
 3120   412  1351 10688
  412   406  1164  1351
  406   405  1272  1164
  405   403  1151  1272
  980  1974   981  2577
  403  1149    16  1151
 1149    27  1363    16
 2018   607  1934   627
 2021  2018   627   628
   27    19  1146  1363
   19  2875 10528  1146
 2875 10527  7802 10528
10527  1338    23  7802
 2004  2008   622   623
 1338  1163    29    23
 2601  2027   633   998
 1163 10685  4721    29
10685  2941 10686  4721
 2941   587  1350 10686
 2062  1001  2600   655
  673  2062   655  1945
  659   673  1945  2091
  587  5172 10663  1350
 5172    45  1339 10663
 2072   659  2091   660
 2075  2072   660   662
   45  4585 10534  1339
 4585  4587 10533 10534
 4587  4588 10532 10533
 4588    98  1191 10532
 2116  2117   692   689
 1455  2116   689   691
   98  3330 10543  1191
 3330 10542  4589 10543
10542   589  1340  4589
 2122  1455   691   697
 1946  2122   697   787
  589  5737 10667  1340
 5737  5736 10666 10667
 5736 10664  3386 10666
10664  5735 10665  3386
 5735   162  1216 10665
 2139  2137   708   709
  162  5722 10585  1216
 5722  5729 10584 10585
 5729  5731 10583 10584
 5731   161  1222 10583
  161   591  1354  1222
  701   712  1947  2127
  591 10670  4592  1354
10670  5420 10671  4592
 5420   144  1342 10671
  700   701  2127  2126
  144  4602 10571  1342
 4602  4599 10570 10571
 4599  4596 10569 10570
 4596  4594 10568 10569
 4594  4593 10567 10568
 4593   149  1365 10567
 2135   592  1949   706
  903  2135   706  1479
  149  9302 10565  1365
 9302  9316 10564 10565
 9316  9315 10563 10564
 9315  9312 10562 10563
 9312  9298 10561 10562
 9298  9301 10560 10561
 9301  9299 10559 10560
 9299  1211   130 10559
 1211  3367 10558   130
 3367  3371 10557 10558
 3371  3368 10556 10557
 3368  1207   128 10556
 1207  3342 10555   128
 3342  3354 10554 10555
 3354  3353 10553 10554
 3353  3352 10552 10553
 3352  3347 10551 10552
 3347  1203   119 10551
 1203  3308 10717   119
 3308  3307 10716 10717
 3307  3306 10715 10716
 3306 10710  4453 10715
10710  3305 10714  4453
 3305  3300 10713 10714
 3300  3304 10712 10713
 3304  3301 10711 10712
 1309 11360 11628  1293
11360 10539  3206 11628
11361  1309  1318 12199
 3301 11361 12199 10711
10539  1192    84  3206
 1192 10693  9286    84
10693 10694  9292  9286
10694 10695  3198  9292
10695 10696  3199  3198
10696 10697  3200  3199
10697    79  1193  3200
   79    95  1299  1193
11388  1307  1301 11597
   95 11388 11597  1299
 1307 11387 12184  1304
11387    64  1194 12184
   64 10537  4138  1194
10537  1199   110  4138
 1199  1208   111   110
 1208  3355 10719   111
 3355 10718  3372 10719
10718   125  1212  3372
  125   113  1213  1212
  113  1197   104  1213
 1197 10698  8804   104
10698 10699  8946  8804
10699 10700  8976  8946
10700 10701  9023  8976
10701 10702  9117  9023
10702 10703  9118  9117
10703 10704  8977  9118
10704 10705  8980  8977
10705 10706  8981  8980
10706 10707  9119  8981
10707  3267 10709  9119
 3267 10708  9120 10709
 1305 11445 10747  1346
11445  4140 10691 10747
11446  1305  1205 12125
10708 11446 12125  9120
 4140  4144 10690 10691
 4144  4145 10689 10690
 4145    97  1186 10689
   97  3216 10541  1186
 3216    74  1185 10541
   74    60  1175  1185
   60  1170    48  1175
 1170  1160 10145    48
 1160    25 10257 10145
   25  1142 10140 10257
 1142 10526 10433 10140
10526  4092 10525 10433
 4092  1144 10139 10525
 1144 10679 10507 10139
 1145 11506 12089    20
11506  1139    21 12089
11507  1145 10296 13395
10679 11507 13395 10507
 1139  1138    15    21
 1138 10516  7623    15
10516 10517  7622  7623
10517 10518  2822  7622
10518 10519  2826  2822
10519 10520  2830  2826
10520 10521  2837  2830
10521 10522  2838  2837
10522  1137     8  2838
 1137 10672  9428     8
10672 10673  9429  9428
10673 10674  9430  9429
10674  1362   796  9430
 1362  1288   447   796
 1288  1294   449   447
 1294  1289   448   449
 1289  1295   450   448
 1295 10639  9200   450
10639 10640  9203  9200
10640 10641  9195  9203
10641  1290   452  9195
 1290 10642  9900   452
10642  1296   453  9900
 1296 10643  9213   453
10643 10644  9216  9213
10644 10645  9219  9216
10645  1291   455  9219
 1291 10646  9898   455
10646  1297   456  9898
 1297 10647  9231   456
10647 10648  9229  9231
10648 10649  9224  9229
10649  1292   461  9224
 1292  1361   462   461
 1361  1298   457   462
 1298  1360   458   457
 1360  1184   459   458
 1184  1300   464   459
 1300  1196   445   464
 1196  1359   468   445
 1359   467  1198   468
  467  1358   788  1198
 1358   473  1302   788
11598  1301    91 11950
  473 11598 11950  1302
 1301 11597 11388  1307
11597  1299    95 11388
 1299  1193    79    95
 1193  3200 10697    79
 3200  3199 10696 10697
 3199  3198 10695 10696
 3198  9292 10694 10695
 9292  9286 10693 10694
 9286    84  1192 10693
   84  3206 10539  1192
11628  1293  1309 11360
 3206 11628 11360 10539
 1293 11627 11929   109
11627    92  1195 11929
   92  1180    80  1195
 1745  1743   442   443
 1180  3093 10536    80
 3093  1171    51 10536
 1171    34  1162    51
   34    26  1161  1162
   26  4669 10524  1161
 4669  1135    11 10524
 1135 10676  2811    11
10676 10677  2813  2811
10677 10678  2815  2813
11672  1287  1136 11870
10678 11672 11870  2815
 1287 11671 13196     3
11671 10675  2809 13196
10675     7  1133  2809
    7    17  1141  1133
   17    37  1147  1141
   37    38  1172  1147
   38    33  1166  1172
   33  1329    46  1166
 1329   107  1209    46
  107 10547  3381  1209
10547 10548  3383  3381
10548  5452 10550  3383
 5452 10549  3385 10550
10549   145  1215  3385
  145  5801 10577  1215
 5801  9768 10576 10577
 9768  9767 10575 10576
 9767 10572  3454 10575
10572  9762 10574  3454
 9762  5808 10573 10574
 5808   177  1226 10573
  177 10591  3627  1226
10591   211  1233  3627
  211 10592  3659  1233
10592 10593  3661  3659
10593 10594  3663  3661
10594   234  1235  3663
  234   258  1240  1235
  258   282  1251  1240
  282  1254   281  1251
 1254 10726  3823   281
10726   338  1261  3823
  338 10599  3833  1261
10599   354  1267  3833
  354   356  1269  1267
  356 10600  3838  1269
10600   351  1270  3838
  351   329  1265  1270
  329 10597  3824  1265
10597  6139 10598  3824
 6139   269  1262 10598
  269  1181    31  1262
 1181    32  1364    31
   32    22  1150  1364
   22 10515  2862  1150
10515  1140     5  2862
 1140     6  1312     5
 1136 11870 11672  1287
11870  2815 10678 11672
11871  1136  1313 13071
    6 11871 13071  1312
 2815  2813 10677 10678
 2813  2811 10676 10677
 2811    11  1135 10676
   11 10524  4669  1135
10524  1161    26  4669
 1161  1162    34    26
 1162    51  1171    34
   51 10536  3093  1171
10536    80  1180  3093
   80  1195    92  1180
  109 11928 12200  1318
11928   100  1204 12200
11929   109  1293 11627
 1195 11929 11627    92
  100 10544  3299  1204
10544   103  1202  3299
  103  3927 10546  1202
 3927 10545  4139 10546
11951    91  1304 12183
10545 11951 12183  4139
   91 11950 11598  1301
11950  1302   473 11598
 1302   788  1358   473
  788  1198   467  1358
 1198   468  1359   467
  468   445  1196  1359
  445   464  1300  1196
  464   459  1184  1300
  459   458  1360  1184
  458   457  1298  1360
  457   462  1361  1298
  462   461  1292  1361
  461  9224 10649  1292
 9224  9229 10648 10649
 9229  9231 10647 10648
 9231   456  1297 10647
  456  9898 10646  1297
 9898   455  1291 10646
  455  9219 10645  1291
 9219  9216 10644 10645
 9216  9213 10643 10644
 9213   453  1296 10643
  453  9900 10642  1296
 9900   452  1290 10642
  452  9195 10641  1290
 9195  9203 10640 10641
 9203  9200 10639 10640
 9200   450  1295 10639
  450   448  1289  1295
  448   449  1294  1289
  449   447  1288  1294
  447   796  1362  1288
  796  9430 10674  1362
 9430  9429 10673 10674
 9429  9428 10672 10673
 9428     8  1137 10672
    8  2838 10522  1137
 2838  2837 10521 10522
 2837  2830 10520 10521
 2830  2826 10519 10520
 2826  2822 10518 10519
 2822  7622 10517 10518
 7622  7623 10516 10517
 7623    15  1138 10516
   15    21  1139  1138
   20 12088 12852  1271
12088  9190 10531 12852
12089    20  1145 11506
   21 12089 11506  1139
 9190  9193 10530 10531
 9193  9191 10529 10530
 9191  1321    28 10529
 1321  1320    43    28
 1320  1190    76    43
 1190  1319    93    76
 1319 10540  5389    93
 1205 12125 11446  1305
12125  9120 10708 11446
12126  1205    88 12817
10540 12126 12817  5389
 9120 10709  3267 10708
10709  9119 10707  3267
 9119  8981 10706 10707
 8981  8980 10705 10706
 8980  8977 10704 10705
 8977  9118 10703 10704
 9118  9117 10702 10703
 9117  9023 10701 10702
 9023  8976 10700 10701
 8976  8946 10699 10700
 8946  8804 10698 10699
 8804   104  1197 10698
  104  1213   113  1197
 1213  1212   125   113
 1212  3372 10718   125
 3372 10719  3355 10718
10719   111  1208  3355
  111   110  1199  1208
  110  4138 10537  1199
 4138  1194    64 10537
12184  1304  1307 11387
 1194 12184 11387    64
 1304 12183 11951    91
12183  4139 10545 11951
 4139 10546  3927 10545
10546  1202   103  3927
 1202  3299 10544   103
 3299  1204   100 10544
12200  1318   109 11928
 1204 12200 11928   100
 1318 12199 11361  1309
12199 10711  3301 11361
10711 10712  3304  3301
10712 10713  3300  3304
10713 10714  3305  3300
10714  4453 10710  3305
 4453 10715  3306 10710
10715 10716  3307  3306
10716 10717  3308  3307
10717   119  1203  3308
  119 10551  3347  1203
10551 10552  3352  3347
10552 10553  3353  3352
10553 10554  3354  3353
10554 10555  3342  3354
10555   128  1207  3342
  128 10556  3368  1207
10556 10557  3371  3368
10557 10558  3367  3371
10558   130  1211  3367
  130 10559  9299  1211
10559 10560  9301  9299
10560 10561  9298  9301
10561 10562  9312  9298
10562 10563  9315  9312
10563 10564  9316  9315
10564 10565  9302  9316
10565  1365   149  9302
 1365 10567  4593   149
10567 10568  4594  4593
10568 10569  4596  4594
10569 10570  4599  4596
10570 10571  4602  4599
10571  1342   144  4602
 1342 10671  5420   144
10671  4592 10670  5420
 4592  1354   591 10670
 1354  1222   161   591
 1222 10583  5731   161
10583 10584  5729  5731
10584 10585  5722  5729
10585  1216   162  5722
 1216 10665  5735   162
10665  3386 10664  5735
 3386 10666  5736 10664
10666 10667  5737  5736
10667  1340   589  5737
 1340  4589 10542   589
 4589 10543  3330 10542
10543  1191    98  3330
 1191 10532  4588    98
10532 10533  4587  4588
10533 10534  4585  4587
10534  1339    45  4585
 1339 10663  5172    45
10663  1350   587  5172
 1350 10686  2941   587
10686  4721 10685  2941
 4721    29  1163 10685
   29    23  1338  1163
   23  7802 10527  1338
 7802 10528  2875 10527
10528  1146    19  2875
 1146  1363    27    19
 1363    16  1149    27
   16  1151   403  1149
 1151  1272   405   403
 1272  1164   406   405
 1164  1351   412   406
 1351 10688  3120   412
10688    81  1182  3120
   81  1273   407  1182
 1273 10604  9893   407
10604  1274   408  9893
 1274 10605  9895   408
10605  1276   410  9895
 1276 10607  7338   410
10607 10608  7336  7338
10608 10609  7323  7336
10609 10610  7320  7323
10610  3910 10606  7320
 3910 10611  7306 10606
10611 10612  7303  7306
10612 10613  7299  7303
10613  1249   411  7299
 1249 10626  6284   411
10626 10627  9369  6284
10627 10628  9370  9369
10628 10629  9371  9370
10629  3773 10625  9371
 3773 10630  4468 10625
10630 10631  4469  4468
10631 10632  4470  4469
10632  1264   429  4470
 1264 10633  6290   429
10633  1266   430  6290
 1266 10636  6293   430
10636 10637  6292  6293
10637 10638  6291  6292
10638  1268   432  6291
 1268 10727  6314   432
10727   434  1356  6314
  434   433  1286  1356
  433   431  1285  1286
  431 10634  9398  1285
10634  6451 10635  9398
 6451  1357   556 10635
 1357  6341 10725   556
 6341   423  1253 10725
  423   421  1279  1253
  421   420  1278  1279
  420  6166 10617  1278
 6166  9421 10616 10617
 9421  9425 10615 10616
 9425   558  1355 10615
  558   428  1284  1355
  428 10622  6085  1284
10622 10623  6084  6085
10623 10624  3970  6084
10624   426  1283  3970
  426   425  1282  1283
  425 10619  3967  1282
10619 10620  4502  3967
10620 10621  4507  4502
10621   424  1281  4507
  424  4512 10618  1281
 4512  1280   559 10618
 1280  3965 10653   559
 3965  9859 10652 10653
 9859  9854 10651 10652
 9854  1238   560 10651
 1238  3675 10654   560
 3675  1322   561 10654
 1322  1323   562   561
 1323  1324   563   562
 1324 10655  9401   563
10655  1325   564  9401
 1325 10656  7317   564
10656 10657  7316  7317
10657 10658  7312  7316
10658  1326   565  7312
 1326  1219   566   565
 1219  1327   567   566
 1327  1206   568   567
 1206  3334 10659   568
 3334  1328   569 10659
 1328  1200   570   569
 1200  3275 10660   570
 3275  1330   571 10660
 1330 10661  7343   571
10661  1331   572  7343
 1331 10662  9891   572
10662  1332   573  9891
 1332  1165   574   573
 1165  1333   575   574
 1333  1334   576   575
 1334  1156   577   576
 1156  1154   578   577
 1154  1335   579   578
 1335  1336   580   579
 1336  1148   581   580
 1148  1347   582   581
 1347    18  1143   582
   18  1337   583  1143
 1337  1152   584   583
 1152   585  1349   584
  585    35  1153  1349
   35   586  1348  1153
  586    39  1155  1348
   39  1173    57  1155
 1173 10538  5354    57
10538  1183    73  5354
 1183    77  1178    73
   77   588  1352  1178
  588   102  1189  1352
  102  1341   114  1189
 1341 10669  5419   114
10669  4591 10668  5419
 4591  1353   590 10668
 1353   142  1217   590
  142  1227   167  1217
 1227  1230   170   167
 1230 10586  5739   170
10586 10587  5747  5739
10587 10588  5750  5747
10588 10589  5751  5750
10589 10590  5740  5751
10590  1229   173  5740
 1229 10721  3452   173
10721 10722  3451  3452
10722 10723  3449  3451
10723   169  1225  3449
  169 10581  3443  1225
10581  1223   158  3443
 1223 10720  3440   158
10720   146  1221  3440
  146 10578  3407  1221
10578   132  1218  3407
  132  9318 10566  1218
 9318   123  1210 10566
  123  1179    78  1210
 1179  3073 10687    78
 3073   522  1311 10687
  522   521  1174  1311
  521  9476 10650  1174
 9476   595  1343 10650
  595   532  1316  1343
  532   531  1315  1316
  531   530  1314  1315
  530   491  1306  1314
  491   499  1344  1306
  499   498  1303  1344
  498  1177    70  1303
 1177    72  1176    70
   72   598  1345  1176
  598  1188   507  1345
 1188 10692  4341   507
10692   508  1308  4341
  508   504  1187  1308
  504   514  1310  1187
  514   513  1277  1310
  513   600  1201  1277
   88 12817 12126  1205
12817  5389 10540 12126
12818    88  1346 10746
  600 12818 10746  1967
 5389    93  1319 10540
   93    76  1190  1319
   76    43  1320  1190
   43    28  1321  1320
   28 10529  9191  1321
10529 10530  9193  9191
10530 10531  9190  9193
 1271 12851 13396 10296
12851  3875 10684 13396
12852  1271    20 12088
10531 12852 12088  9190
 3875  3874 10683 10684
 3874  3871 10682 10683
 3871  3882 10681 10682
 3882  3881 10680 10681
 3881   404 10259 10680
  404  3887 10603 10259
 3887  3885 10602 10603
 3885  3883 10601 10602
 3883   518 10299 10601
  518  1159 10148 10299
 1159   517 10298 10148
  517   520 10300 10298
  520    40 10297 10300
   40   121 10261 10297
  121   129 10262 10261
  129   140 10266 10262
  140   147 10267 10266
  147   175 10271 10267
  175  1231 10202 10271
 1231  1228 10195 10202
 1228   154 10275 10195
  154   157 10269 10275
  157 10580 10456 10269
10580   159 10270 10456
  159 10582 10451 10270
10582   152 10268 10451
  152 10579 10459 10268
10579   151 10272 10459
  151   164 10273 10272
  164   165 10274 10273
  165   179 10276 10274
  179   201 10277 10276
  201   220 10279 10277
  220   238 10288 10279
  238   242 10292 10288
  242  1243 10231 10292
 1243  1250 10295 10231
 1250 10724  3759   254
10724   276  1246  3759
  276   267  1242  1246
  267   266  1245  1242
  266  1259   280  1245
 1259   295  1255   280
  295   327  1258  1255
  327   313  1257  1258
  313   318  1260  1257
  318   349  1263  1260
  349  1256   326  1263
 1256  1252   301   326
 1252   277  1248   301
  277   288  1247  1248
  288   292  1244  1247
  292   264  1241  1244
  264  1237   236  1241
 1237   419  1317   236
  419  4452 10614  1317
 4452   409  1275 10614
  409  1167    58  1275
 1167  1168    47    58
 1168  2947 10523    47
 2947  1134    10 10523
 1134 10511  4825    10
10511 10512  5243  4825
10512 10513  5244  5243
10513  1132     0  5244
 1132     2  1130     0
    2  4362 10514  1130
 4362   527  1131 10514
 1313 13071 11871  1136
13071  1312     6 11871
13072  1313     3 13195
  527 13072 13195  1131
 1312     5  1140     6
    5  2862 10515  1140
 2862  1150    22 10515
 1150  1364    32    22
 1364    31  1181    32
   31  1262   269  1181
 1262 10598  6139   269
10598  3824 10597  6139
 3824  1265   329 10597
 1265  1270   351   329
 1270  3838 10600   351
 3838  1269   356 10600
 1269  1267   354   356
 1267  3833 10599   354
 3833  1261   338 10599
 1261  3823 10726   338
 3823   281  1254 10726
  281  1251   282  1254
 1251  1240   258   282
 1240  1235   234   258
 1235  3663 10594   234
 3663  3661 10593 10594
 3661  3659 10592 10593
 3659  1233   211 10592
 1233  3627 10591   211
 3627  1226   177 10591
 1226 10573  5808   177
10573 10574  9762  5808
10574  3454 10572  9762
 3454 10575  9767 10572
10575 10576  9768  9767
10576 10577  5801  9768
10577  1215   145  5801
 1215  3385 10549   145
 3385 10550  5452 10549
10550  3383 10548  5452
 3383  3381 10547 10548
 3381  1209   107 10547
 1209    46  1329   107
   46  1166    33  1329
 1166  1172    38    33
 1172  1147    37    38
 1147  1141    17    37
 1141  1133     7    17
 1133  2809 10675     7
    3 13195 13072  1313
13195  1131   527 13072
13196     3  1287 11671
 2809 13196 11671 10675
 1131 10514  4362   527
10514  1130     2  4362
 1130     0  1132     2
    0  5244 10513  1132
 5244  5243 10512 10513
 5243  4825 10511 10512
 4825    10  1134 10511
   10 10523  2947  1134
10523    47  1168  2947
 2306   831  2863   832
 2307  2306   832   833
   47    58  1167  1168
 2311   834  1444   835
   58  1275   409  1167
 1275 10614  4452   409
10614  1317   419  4452
 1317   236  1237   419
  236  1241   264  1237
 1241  1244   292   264
 1244  1247   288   292
 1247  1248   277   288
 1248   301  1252   277
  301   326  1256  1252
  326  1263   349  1256
 1263  1260   318   349
 1260  1257   313   318
 1257  1258   327   313
 1258  1255   295   327
 1255   280  1259   295
  280  1245   266  1259
 1245  1242   267   266
 1242  1246   276   267
 1246  3759 10724   276
10231 10292   242  1243
10292 10288   238   242
10288 10279   220   238
10279 10277   201   220
10277 10276   179   201
10276 10274   165   179
10274 10273   164   165
10273 10272   151   164
10272 10459 10579   151
10459 10268   152 10579
10268 10451 10582   152
10451 10270   159 10582
10270 10456 10580   159
10456 10269   157 10580
10269 10275   154   157
10275 10195  1228   154
10195 10202  1231  1228
10202 10271   175  1231
10271 10267   147   175
10267 10266   140   147
10266 10262   129   140
10262 10261   121   129
10261 10297    40   121
10297 10300   520    40
10300 10298   517   520
10298 10148  1159   517
10148 10299   518  1159
10299 10601  3883   518
10601 10602  3885  3883
10602 10603  3887  3885
10603 10259   404  3887
10259 10680  3881   404
10680 10681  3882  3881
10681 10682  3871  3882
10682 10683  3874  3871
10683 10684  3875  3874
10296 13395 11507  1145
13395 10507 10679 11507
13396 10296  1271 12851
10684 13396 12851  3875
10507 10139  1144 10679
10139 10525  4092  1144
10525 10433 10526  4092
10433 10140  1142 10526
10140 10257    25  1142
10257 10145  1160    25
 3759   254  1250 10724
  254 13303 13304 10295
13303  1239 10230 13304
 1239 10596 10506 10230
10596  1236 10226 10506
 1236   217 10280 10226
  217   228 10285 10280
  228   227 10284 10285
  227   248 10291 10284
  248   245 10294 10291
  245   223 10290 10294
  223 10595 10504 10290
10595   251 10293 10504
  251   222 10289 10293
  222   230 10283 10289
  230   255 10287 10283
  255   226 10286 10287
  226   229 10282 10286
  229   221 10281 10282
  221  1234 10220 10281
 1234   208 10278 10220
  208  1232 10209 10278
 1232  1224 10192 10209
 1224  1220 10184 10192
 1220  1214 10153 10184
 1214   124 10265 10153
  124   106 10264 10265
  106    82 10263 10264
   82  1157 10141 10263
 1157  1158 10146 10141
 1158 10535 10509 10146
10535  1169 10147 10509
 1169    54 10260 10147
   54    42 10258 10260
   48  1175    60  1170
10145    48  1170  1160
   42 13536 13537 10258
13536 10236 10406 13537
13537 10258    42 13536
10406 13537 13536 10236
10258 10260    54    42
10260 10147  1169    54
10147 10509 10535  1169
10509 10146  1158 10535
10146 10141  1157  1158
10141 10263    82  1157
10151 10150 10308 10309
10263 10264   106    82
10264 10265   124   106
10265 10153  1214   124
10153 10184  1220  1214
10184 10192  1224  1220
10192 10209  1232  1224
10348 10322 10179 10189
10209 10278   208  1232
10369 10348 10189 10206
10278 10220  1234   208
10220 10281   221  1234
10281 10282   229   221
10282 10286   226   229
10286 10287   255   226
10287 10283   230   255
10283 10289   222   230
10289 10293   251   222
10293 10504 10595   251
10504 10290   223 10595
10290 10294   245   223
10294 10291   248   245
10291 10284   227   248
10284 10285   228   227
10285 10280   217   228
10280 10226  1236   217
10226 10506 10596  1236
10506 10230  1239 10596
10230 13304 13303  1239
13304 10295   254 13303
10295 10231  1243  1250
