2162
 1650   214 10416 10438
  469  1650 10438  6352
 2693  2730  5948  5949
 5950  5948  2730   394
 5949  1579  5952  2693
 5952  2693  5949  1579
 1180  2734  5954  5955
 1934  5954  2734  5956
 2692  1934  5957  5958
 5957  5958  2692  1934
 5958  1181  5960  2692
 5960  2692  5958  1181
 5962  2739  5964  1571
 5964  1571  5962  2739
 5956  5964  2739  5957
 2739  5957  5956  5964
 2690  5952  1579  5970
 1579  5970  2690  5952
 1571  2744  5972  5962
 5972  5962  1571  2744
  819  5972  2744  5973
 5970   819  5974  2690
   71  5974  5973  7806
 5974  2690  5970   819
 5986   962 10183  2753
  961  5986  2753  5988
  487  1325  7813  7811
 2685  1515  6008  6009
 6008  6009  2685  1515
 1753   208  6020  6030
  519  1753  6030  6028
 6009   784  6011  2685
 6011  2685  6009   784
 1181  2684  6017  5960
 1502  5950   394  6021
  208  1502  6021  6020
 2684  6008  1515  6017
 1515  6017  2684  6008
 6017  5960  1181  2684
 6021  6020   208  1502
  394  6021  1502  5950
 6030  6028   519  1753
 6020  6030  1753   208
 6049  2795  6051  1568
 6051  1568  6049  2795
 1770  6051  2795  6052
 1568  2800  6055  6049
 6055  6049  1568  2800
 1183  6055  2800  6056
  991  2806  6062  6063
 6062  6063   991  2806
 6052  6062  2806  1770
 2806  1770  6052  6062
 2669  2825  6083  6084
  718  2669  6087  6090
 6083  6084  2669  2825
 6085  6083  2825   350
 6084  2827  6086  6087
 6088  6086  2827   505
 6087  6090   718  2669
 1172  6085   350  6142
  237  1172  6142  6145
 6106  2667  6099  1346
 2840   128   128  6120
10599  2840  6119  2666
  128  6120  2840   128
 1281  2857  6136  6137
 6136  6137  1281  2857
 1963  6136  2857  6138
 2857  6138  1963  6136
  196  1963  6138  6143
  350  6142  1172  6085
 6138  6143   196  1963
 6142  6145   237  1172
 2659  2866  6147  6148
 6148   718  6090  2659
 6090  2659  6148   718
  626  1285  6276  6263
 1285   292  6277  6276
 1174   626  6263  6262
 6145  1174  6262   237
 2651  1603  6207  6208
 6207  6208  2651  1603
 6208  1281  6137  2651
 6137  2651  6208  1281
 2650  6207  1603  6216
 1603  6216  2650  6207
 2904    82  6220  6219
 6219  2650  6216  2904
 6220  6219  2904    82
 1346  2645  6258  6106
 6258  6106  1346  2645
 6263  6262  1174   626
 6262   237  6145  1174
 6276  6263   626  1285
 6277  6276  1285   292
 6292  6290  2936   114
 2641  2937  6296  6297
 6298  6296  2937   614
 6297  2939  6307  2641
 6308  6307  2939   436
  436   829 10067  6308
 6352  1651  6407   469
 2973  6298   614  6366
 2632  2973  6366  6367
  614  6366  2973  6298
 1256  2977  6383  6384
 1653  6383  2977  6387
 6387  6406  2982  1653
 2629  2985  6416  6417
  827  2629  6421  6423
 6418  6416  2985   434
 6417  1773  6420  6421
 6420  6421  6417  1773
 6421  6423   827  2629
 2626  6420  1773  6435
 1773  6435  2626  6420
 6435   991  6063  2626
 6063  2626  6435   991
  333   732  8359  8358
  732    30  8235  8359
  693   333  8358  8401
    9   693  8401  8405
 2621  1776  6451  6452
 6451  6452  2621  1776
 6452   996  6454  2621
 6454  2621  6452   996
 1582  6418   434  6456
 6456  3021  6458  1582
 6458  1582  6456  3021
 1776  6458  3021  6451
 3021  6451  1776  6458
 2619  1364  6463  6464
 6463  6464  2619  1364
  434  6456  1582  6418
 6464   827  6423  2619
 6423  2619  6464   827
 2618  6463  1364  6473
  467   885  7547  7537
  885    98  7099  7547
  734   509  8233  8232
   30   734  8232  8235
  509   954   954  8233
 1993   639  6554  6542
 6542  3107  6544  1993
 6544  1993  6542  3107
 1630  6544  3107  6545
 6554  6542  1993   639
  875  3118  6570  6571
 6545  6570  3118  1630
 3118  1630  6545  6570
 1289  3138  6587  6588
 1973  6587  3138  6589
 6588   294  6680  1289
 3142  6554   639  6597
 2590  3142  6597  6598
  639  6597  3142  6554
  376  1141 10013 10012
  753   376 10012 10065
   40   753 10065 10075
 6680  1289  6588   294
   82  6692  3185  6220
 1318   483  7121  7120
  312  1318  7120  7090
  483   909  7130  7121
  909   110  6868  7130
   75   832   832  9730
  465  1320  7089  7088
 1320   312  7090  7089
  883   465  7088  7095
   98   883  7095  7099
  984   142  7084  7082
 2563  1779  6790  6791
 6790  6791  2563  1779
 3252   374  6795  6794
 6791  3252  6794  2563
 6795  6794  3252   374
  996  2562  6801  6454
 2562  6790  1779  6801
 1779  6801  2562  6790
 6801  6454   996  2562
 1742   144  6817  6838
  514  1742  6838  6834
 3271  6795   374  6815
 1462  3271  6815  6816
  374  6815  3271  6795
 6818  1462  6816  3272
 6817  6838  1742   144
  794   332  8614  8613
  332   692  8630  8614
  692     9  8405  8630
  385  1184 10113 10112
 1184   243 10114 10113
  762   385 10112 10147
 6952  2531  6961  3380
 3382   514  6834  6960
 6960  6961  2531  3382
 1302   455  7235  7234
  302  1302  7234  7241
  455   863  7248  7235
 7021   862  8130  3415
  482  1305  7389  7388
 1305   302  7241  7389
  908   482  7388  7415
  110   908  7415  6868
 3464   526   526  7083
 7082  3464  7083   984
 7084  7082   984   142
 7089  7088   465  1320
 7090  7089  1320   312
 7088  7095   883   465
 7095  7099    98   883
  950  2507  7110  7113
 3482   506  7111  7109
 2507  3482  7109  7110
 7111  7109  3482   506
 7110  7113   950  2507
 7121  7120  1318   483
 7120  7090   312  1318
 7130  7121   483   909
 6868  7130   909   110
  360  1122  9897  9896
 1122   209  9612  9897
  728   360  9896  9934
   28   728  9934  8584
 1152   373  9365  9364
  227  1152  9364  9371
  373   746  9396  9365
 7235  7234  1302   455
 7234  7241   302  1302
 7248  7235   455   863
 7250  7248  7023  3543
  424  1155  9754  9750
 1155   227  9371  9754
  812   424  9750  9781
 5495  3559  7289 10501
 7305   875  6571    95
 1120   412  7344  9606
  209  1120  9606  9612
  799  3588  7345  7355
 7355    60  9626  9624
 7389  7388   482  1305
 7241  7389  1305   302
 7388  7415   908   482
 7415  6868   110   908
 1349  2470  7423  7425
 2470  1721  7422  7423
 7422  7423  2470  1721
 7423  7425  1349  2470
 2469  7422  1721  7429
 1721  7429  2469  7422
 7429   950  7113  2469
 7113  2469  7429   950
 7436  1270  7944  3643
 7439   286   286  1271
 2463  1690  7455  7456
 7455  7456  2463  1690
 7456  1349  7425  2463
 7425  2463  7456  1349
 2462  7455  1690  7466
 1690  7466  2462  7455
 7478  7479  2460  1956
 7479  1116  7482  2460
 7482  2460  7479  1116
 2459  7484  3673  7486
 1116  3700  7529  7482
 1978  7529  3700  7530
 3704   467  7537  7535
 2451  3704  7535  7536
 7537  7535  3704   467
 7536  1978  7530  2451
 7530  2451  7536  1978
 7547  7537   467   885
 7099  7547   885    98
 7696  1322 10405   471
 2426  1655  7699  7700
 7699  7700  2426  1655
 7700  1324  7703  2426
 7703  2426  7700  1324
  894  2425  7711  7717
 2425  7699  1655  7711
  893  7696   471   893
  479   904  7742  9194
 7737  3828  7738   902
 7738   902  7737  3828
 7740  7741  3828   107
 7741  7742   904  7738
 1935   610  7792  7791
   62  1935  7791  7790
 7791  7790    62  1935
 7792  7791  1935   610
 1573   430  7804  7803
 7790  1573  7803    62
 7803    62  7790  1573
 7804  7803  1573   430
 5973  7806    71  5974
 1324  2404  7812  7703
 2404  1688  7810  7812
 7810  7812  2404  1688
 7813  7811   487  1325
 7704  7813  1325   313
 7812  7703  1324  2404
 2401  3905  7827  7828
 7827  7828  2401  3905
 7828  7810  1688  7831
 1688  7831  7828  7810
 1273  7850  3912  7853
 3913  7792   610  7854
 2399  3913  7854  7855
 7854  7855  2399  3913
  610  7854  3913  7792
 3915   621  7858  7857
 7857  2399  7855  3915
 7858  7857  3915   621
 1489   388  7907  7906
  764    46  9413  9412
 7930  3938  7921  2393
 3938  1757  7901  7921
 7929  7930  2393  3940
  139  7929  3940   139
 2390  7943  3949  7945
 3949  7945  2390  7943
 3951  7858   621  7949
 7853  7947  7949  1273
 7947  2390  7945  3951
 7973  3964  7976  2387
 7976  2387  7973  3964
 1227  2379  8038  8040
 2379  1664  8037  8038
 8037  8038  2379  1664
 8038  8040  1227  2379
 8061  7737   902  4017
 1664  8061  4017  8037
 4017  8037  1664  8061
 2359  4074  8151  8152
 8152  1227  8040  2359
 8040  2359  8152  1227
 8166  8167  2357  4082
 4084  7692    60  8172
 8172  2357  8167  4084
   60  8172  4084  7692
 1490  7907   388  8191
   45  1490  8191  8190
  767   516  9530  9529
 8191  8190    45  1490
  388  8191  1490  7907
 1749   517  6951  8217
 8190  1749  8217    45
 8217    45  8190  1749
 6951  8217  1749   517
 1208   397  8891  8890
  255  1208  8890  8784
 8233  8232   734   509
 8232  8235    30   734
  954  8233   509   954
  397   781  8904  8891
  372  1017  8778  8777
   36   745  8802  8809
  460  1210  8783  8782
 1210   255  8784  8783
  876   460  8782  8812
   95   876  8812  7305
 8359  8358   333   732
 8235  8359   732    30
 8358  8401   693   333
 8401  8405     9   693
  359   727  8583  8562
  727    28  8584  8583
 2308  4277  8445  2308
 8445  2308  2308  4277
 8446  8445  4277   552
 1901   593  8516  8515
   31  1901  8515  8514
 4317  8446   552  8505
 2298  4317  8505  8506
  552  8505  4317  8446
 4319   553  8511  8510
 8506  4319  8510  2298
 8511  8510  4319   553
 8515  8514    31  1901
 8516  8515  1901   593
 1521   404  8536  8535
 8514  1521  8535    31
 8535    31  8514  1521
 8536  8535  1521   404
  787  8536   404  9323
   56   787  9323  9327
 1020   336  8842  8841
  159  1020  8841  8779
 4357   359  8562  8560
 2288  4357  8560  8561
 8562  8560  4357   359
 4359  8511   553  8566
 8561  4359  8566  2288
  553  8566  4359  8511
 8583  8562   359   727
 8584  8583   727    28
  336   699  8857  8842
 1574    27  8620  8634
  430  1574  8634  7804
 1902  8516   593  8621
   27  1902  8621  8620
 8614  8613   794   332
 8616  4392  8617   791
 8617   791  8616  4392
 4392   794  8613  8617
  431  1218  8917  8915
 8621  8620    27  1902
  593  8621  1902  8516
 8630  8614   332   692
 8405  8630   692     9
 8634  7804   430  1574
 8620  8634  1574    27
  821   431  8915  8942
 7806   821  8942    71
 8676  4436  8677   813
 8677   813  8676  4436
 8679  8680  4436    67
 8680  8681   814  8677
 8729  8616   791  4469
 1530  8729  4469  8730
 4469  8730  1530  8729
  282  1530  8730  8740
 8730  8740   282  1530
  809  4485  8749  8750
 8749  8750   809  4485
 1760  8749  8752  8753
 8751  8752  4485   523
 8752  8753  1760  8749
 8740  1760  8753   282
 8753   282  8740  1760
 4495  8751   523  8766
  981  4495  8766  8767
  523  8766  4495  8751
  142   981  8767  7084
 8778  8777   372  1017
 8779  8778  1017   159
 8783  8782   460  1210
 8784  8783  1210   255
 2250  1853  8786  8787
 8786  8787  2250  1853
 8787  4512  8790  2250
 8790  2250  8787  4512
 8791  8790  4512   157
 1146  2248  8797  8798
 2248  8786  1853  8797
 1853  8797  2248  8786
 8797  8798  1146  2248
 8777  8802   745   372
 8802  8809    36   745
 8782  8812   876   460
 8812  7305    95   876
 8842  8841  1020   336
 8841  8779   159  1020
 8857  8842   336   699
 8858  8857   699    13
 7717  4564  8866   894
 8866   894  7717  4564
  890  8866  4564  8867
 8868  4566  8869  1803
 8869  1803  8868  4566
 1467  8869  4566  8870
  377  1467  8870  8896
 8877  8868  1803  4575
 1015  8877  4575  8878
 4575  8878  1015  8877
  157  1015  8878  8791
 8891  8890  1208   397
 8890  8784   255  1208
 8896   754 10074   377
 8870  8896   377  1467
  754    40 10075 10074
 8904  8891   397   781
   52  8904   781    52
 4601   594  8914  8912
 2227  4601  8912  8913
 8912  8913  2227  4601
 8914  8912  4601   594
 8913  8917  1218  2227
 8917  8915   431  1218
 1218  2227  8913  8917
 8878  8791   157  1015
 8915  8942   821   431
 8942    71  7806   821
  783  4629  8948  8949
 8948  8949   783  4629
 1517  8948  4629  8950
 4629  8950  1517  8948
 8958  4638  8959  1555
 8959  1555  8958  4638
 8950  8959  4638  1517
 4638  1517  8950  8959
 8969  8958  1555  4647
  808  8969  4647  8970
 4647  8970   808  8969
 4673  8914   594  9017
 2209  4673  9017  9018
 9017  9018  2209  4673
  594  9017  4673  8914
 4675   654  9021  9020
 9020  2209  9018  4675
 9021  9020  4675   654
 9033   783  8949  4680
 4680  6011   784  9033
 9053  4685  9045  2206
  520  9045  4685  9043
 4687   519  6028  9052
 2206  4687  9052  9053
 4694   268  9070  9068
 9068  9069  2204  4694
 9070  9068  4694   268
 9073  9074  9123  4695
  506  9073  4695  7111
 1722   504  9132  9131
 4710  9101   268  9104
 9104  9105  2200  4710
 4712    18  9115  9114
 9114  2200  9105  4712
 9115  9114  4712    18
 9131  9070  9101  1722
 9147   809  8750  4728
 4728   808  8970  9147
 4745   479  9194  9192
 2191  4745  9192  9193
 9192  9193  2191  4745
 9194  9192  4745   479
 4747  9021   654  9197
 9197  2191  9193  4747
 8767  7084   142   981
 7742  9194   479   904
 4756  7740   107  9219
  900  4756  9219   900
  107  9219  4756  7740
 9222  4763  9224  1419
 9224  1419  9222  4763
 1096  9224  4763  9225
 4763  9225  1096  9224
 1068  4777  9239  9240
 1417  9239  4777  9241
 4777  9241  1417  9239
 1419  4786  9252  9222
 9252  9222  1419  4786
 9241  9252  4786  1417
 4786  1417  9241  9252
  404  9323   787  8536
 9323  9327    56   787
 1454     0  9367  9338
 9338  4859  9340  1454
 9340  1454  9338  4859
 8798  9340  4859  1146
 4859  1146  8798  9340
 1859   572  9369  9368
    0  1859  9368  9367
 9365  9364  1152   373
 9368  9367     0  1859
 9369  9368  1859   572
 9364  9371   227  1152
 4880  8858    13  9385
 9367  9338  1454     0
 8809  9396   746    36
 9408  1756  9467  4887
 1755   520  9043  9475
 4902  9444   256  9447
 9447  9448  2152  4902
 4904  9115    18  9457
 9457  2152  9448  4904
 9470  9467  1756  4910
 9474   256  9444  1755
 9529  9413    46   767
 1223  2139  9573  9575
 2139  1534  9572  9573
 9572  9573  2139  1534
 9573  9575  1223  2139
 1064  4961  9590  9591
 1837  9590  4961  9592
 9591   179  9807  1064
 7344  9606  1120   412
 9607  4970  9609  1538
 9609  1538  9607  4970
 9592  9609  4970  1837
 4970  1837  9592  9609
 9606  9612   209  1120
 2133  9572  1534  9621
 1534  9621  2133  9572
 1538  4979  9623  9607
 9623  9607  1538  4979
 9624  9623  4979   799
 4979   799  9624  9623
 4980  9626  7692  9629
 9626  9624  7355    60
 9629  2133  9621  4980
 2126  5005  9681  9682
 9684  9132   504  1723
 5007  6088   505  9690
 9682  5007  9690  2126
  505  9690  5007  6088
  946  9694  5008  9136
 5008  9136   946  9694
  179  1062  9802  9807
 2119  1526  9721  9722
 9721  9722  2119  1526
 9722  1223  9575  2119
 9575  2119  9722  1223
 2117  9721  1526  9736
 1526  9736  2117  9721
 5044    56  9327  9739
 9739  2117  9736  5044
 5049  9369   572  9746
 2115  5049  9746  9747
 9746  9747  2115  5049
  572  9746  5049  9369
 9747  5050  9748  2115
 9749  9748  5050   672
 9371  9754  1155   227
 9771  5066  9772  1566
 9750  9781   812   424
 9786  9771  1566  5075
 8681  9786  5075   814
 5075   814  8681  9786
 1062  5089  9801  9802
 1828  9801  5089  9803
 9802  9807   179  1062
 9225  2103  9818  1096
 2103  1828  9803  9818
 9803  9818  2103  1828
 9818  1096  9225  2103
 9889  5143  9891  1702
  494  9889  9927  9926
 9891  1702  9889  5143
 1353  9891  5143  9892
 9897  9896   360  1122
 9612  9897  1122   209
 9807  1064  9591   179
 1700  9913  5157  9914
 5157  9914  1700  9913
 9927  9926   494  9889
 1702  5166  9928  9927
 9928  9927  1702  5166
 9914  9928  5166  1700
 5166  1700  9914  9928
 9896  9934   728   360
 9934  8584    28   728
 2076  5206 10003 10004
10005 10003  5206   236
 5208  6680   294 10010
10004  5208 10010  2076
10010  2076 10004  5208
  294 10010  5208  6680
10013 10012   376  1141
 2072  5228 10029 10030
  236 10029  5228 10005
 5232  6277   292 10035
10030  5232 10035  2072
10035  2072 10030  5232
  292 10035  5232  6277
10012 10065   753   376
 9730 10067   829    75
10074   377  8896   754
10075 10074   754    40
10065 10075    40   753
  832  9730    75   832
10113 10112   385  1184
10114 10113  1184   243
10112 10147   762   385
10182 10183   962  5325
 2041 10182  5325 10186
 9892  2711 10212  1353
 2711 10207 10186 10212
10212  1353  9892  2711
 5343   494  9926 10231
 1240  2709 10245 10249
 2709  1563 10244 10245
10244 10245  2709  1563
10245 10249  1240  2709
 2708  1874 10252 10253
10252 10253  2708  1874
10253  1191 10257  2708
10257  2708 10253  1191
 2707 10252  1874 10265
 1874 10265  2707 10252
 5368 10114   243 10268
10265  5368 10268  2707
10268  2707 10265  5368
  243 10268  5368 10114
10271  8676   813  5370
 1563 10271  5370 10244
 5370 10244  1563 10271
 2052  1941 10295 10296
10295 10296  2052  1941
10296  1256  6384  2052
 9240  5396 10322  1068
10322  1068  9240  5396
 5396  1065  1065 10322
 1191  2050 10337 10257
 2050 10295  1941 10337
 1941 10337  2050 10295
10337 10257  1191  2050
 2048  1648 10357 10358
10357 10358  2048  1648
10358  1240 10249  2048
10249  2048 10358  1240
 5955  5423 10368  1180
10368  1180  5955  5423
 6056 10368  5423  1183
 5423  1183  6056 10368
 2046 10357  1648 10382
 1648 10382  2046 10357
10382   890  8867  2046
 8867  2046 10382   890
  214  2009 10424 10416
10405   471  7696  1322
  313 10405  1322  7704
 5988 10423  5453   961
10416 10438  1650   214
 7345  7355   799  3588
 3559  8679    67  7289
10501   812  9781  5495
 7289 10501  5495  3559
 2730   394  5950  5948
 5948  5949  2693  2730
 5954  5955  1180  2734
 2734  5956  1934  5954
 2744  5973   819  5972
 1325   313  7704  7813
 6028  9052  4687   519
 2795  6052  1770  6051
 2800  6056  1183  6055
 2825   350  6085  6083
 2827   505  6088  6086
 6086  6087  6084  2827
 2667  1720  6100  6099
 6100  6099  2667  1720
 6099  1346  6106  2667
  947  6119  6120  6121
 6119  2666 10599  2840
10605  6100  1720  6115
 1720  6115 10605  6100
 6115 10599  2666 10605
 2666 10605  6115 10599
 6120  6121   947  6119
 6143  6147  2866   196
 2866   196  6143  6147
 6147  6148  2659  2866
 6216  2904  6219  2650
 2645  1689  6281  6258
 6281  6258  2645  1689
 6291  6281  1689  2642
 6290  6291  2642  2936
 1689  2642  6291  6281
 2937   614  6298  6296
 6296  6297  2641  2937
 2939   436  6308  6307
 6307  2641  6297  2939
  829    75  9730 10067
 6357  2020  6370  2633
 6370  2633  6357  2020
 2633  1333 10450  6357
10450  6357  2633  1333
 6367  6370  2020  2632
 6366  6367  2632  2973
 2020  2632  6367  6370
 2982  1653  6387  6406
 6383  6384  1256  2977
 6407   469  6352  1651
 6406  6407  1651  2982
 1651  2982  6406  6407
 2977  6387  1653  6383
 2985   434  6418  6416
 6416  6417  2629  2985
 6473   686   686  2618
 1364  6473  2618  6463
 3107  6545  1630  6544
 6571    95  7305   875
 6570  6571   875  3118
 6587  6588  1289  3138
 6598  1973  6589  2590
 6597  6598  2590  3142
 6589  2590  6598  1973
 3138  6589  1973  6587
 1141   220   220 10013
  845  2580  6691   845
 2580  3185  6692  6691
 3185  6220    82  6692
 6692  6691  2580  3185
  526  7083  3464   526
 7083   984  7082  3464
 6794  2563  6791  3252
  686  2618  6473   686
  144  6818  3272  6817
 6815  6816  1462  3271
 3272  6817   144  6818
 6816  3272  6818  1462
 6834  6960  3382   514
 6838  6834   514  1742
   44   762 10147    44
  517  6952  3380  6951
 3380  6951   517  6952
 2531  3382  6960  6961
 6961  3380  6952  2531
   67  7289  3559  8679
  863  7021  3415  7023
 3415  7023   863  7021
 7109  7110  2507  3482
  746    36  8809  9396
  861  7250  3543   861
 8130  3415  7021   862
 3543   861   861  7250
 7023  3543  7250  7248
  412  7345  3588  7344
 3588  7344   412  7345
 1271  7436  3643  7439
 1270  3949  7943  7944
 7833  2462  7466   919
 7466   919  7833  2462
 2460  1956  7478  7479
 1272  3673  7484  7485
 3673  7486  2459  7484
 7486  7478  1956  2459
 1956  2459  7486  7478
  286  1271  7439   286
   13  9385  4880  8858
 7529  7482  1116  3700
 3700  7530  1978  7529
 7535  7536  2451  3704
 7692  9629  4980  9626
 1322  7704   313 10405
 1655  7711  2425  7699
 7711  7717   894  2425
  904  7738  7741  7742
  902  4017  8061  7737
 3828   107  7740  7741
 7811  7827  3905   487
 3905   487  7811  7827
 7831  7833   919  2401
  919  2401  7831  7833
  916  6292   114   916
  621  7949  3951  7858
 7949  1273  7853  7947
 7850  1272  7485  3912
 3912  7853  1273  7850
 7485  3912  7850  1272
 7855  3915  7857  2399
 7900  7901  1757  3934
 3934  1489  7906  7900
 1757  3934  7900  7901
 7906  7900  3934  1489
 7907  7906  1489   388
 7901  7921  3938  1757
 2393  3940  7929  7930
 7921  2393  7930  3938
 7943  7944  1270  3949
 7945  3951  7947  2390
 3643  7439  1271  7436
 7944  3643  7436  1270
 7484  7485  1272  3673
 1297  7976  3964  7977
 2387  1296  7972  7973
 1296  5157  9913  7972
 7972  7973  2387  1296
 3964  7977  1297  7976
 2367  1629  8100  8099
 8100  8099  2367  1629
 8099  1297  7977  2367
 7977  2367  8099  1297
  862  2365  8124  8130
 2365  8100  1629  8124
 1629  8124  2365  8100
 8124  8130   862  2365
 8151  8152  2359  4074
 2357  4082  8166  8167
 8167  4084  8172  2357
   46   767  9529  9413
  516   964  9556  9530
  781    52    52  8904
 1017   159  8779  8778
  745   372  8777  8802
 4277   552  8446  8445
 8505  8506  2298  4317
 8510  2298  8506  4319
 8560  8561  2288  4357
 8566  2288  8561  4359
  699    13  8858  8857
 8613  8617  4392   794
  791  4469  8729  8616
  814  8677  8680  8681
  813  5370 10271  8676
 4436    67  8679  8680
 4485   523  8751  8752
 8750  4728  9147   809
 8766  8767   981  4495
 4512   157  8791  8790
 4564  8867   890  8866
 1803  4575  8877  8868
 4566  8870  1467  8869
 8949  4680  9033   783
 1555  4647  8969  8958
   18  9457  4904  9115
  654  9197  4747  9021
 9018  4675  9020  2209
  784  9033  4680  6011
 4685  9043   520  9045
 9045  2206  9053  4685
 9052  9053  2206  4687
 2204  4694  9068  9069
 9069  1726  9074  2204
 4695  7111   506  9073
 9074  2204  9069  1726
  268  9104  4710  9101
 2200  4710  9104  9105
 9101  1722  9131  9070
 9105  4712  9114  2200
 9123  4695  9073  9074
 2198  9123  1726  9127
 1726  9127  2198  9123
 9132  9131  1722   504
 9127   946  9136  2198
 9136  2198  9127   946
 8970  9147  4728   808
 9193  4747  9197  2191
 9219   900   900  4756
 9239  9240  1068  4777
 9327  9739  5044    56
  700  4880  9385   700
 9385   700   700  4880
 9396  9365   373   746
 1756  4910  9470  9467
 9412  9408  4887   764
 9413  9412   764    46
  256  9447  4902  9444
 2152  4902  9447  9448
 9444  1755  9474   256
 9448  4904  9457  2152
 9467  4887  9408  1756
 4910  9474  9475  9470
 4887   764  9412  9408
 9475  9470  4910  9474
 9043  9475  1755   520
 9530  9529   767   516
 9556  9530   516   964
  135  9556   964   135
 9590  9591  1064  4961
 4961  9592  1837  9590
 9621  4980  9629  2133
  504  1723  9684  9132
 5005  9684  1723  9681
 9681  9682  2126  5005
 1723  9681  5005  9684
 9690  2126  9682  5007
 9694   947  6121  5008
 6121  5008  9694   947
 9736  5044  9739  2117
 5050   672  9749  9748
 9748  2115  9747  5050
 9754  9750   424  1155
 1566  5075  9786  9771
 5066  9749   672  9772
 9801  9802  1062  5089
 5089  9803  1828  9801
 5143  9892  1353  9891
 9913  7972  1296  5157
 9926 10231  5343   494
  114   916   916  6292
 2936   114  6292  6290
 2642  2936  6290  6291
 5206   236 10005 10003
10003 10004  2076  5206
  220 10013  1141   220
 5228 10005   236 10029
10029 10030  2072  5228
10067  6308   436   829
10147    44    44   762
 2712  2041 10207 10188
  962  5325 10182 10183
10207 10188  2712  2041
10188  5329 10201  2712
10201  2712 10188  5329
10427 10201  5329   133
10183  2753  5986   962
10186 10212  2711 10207
 5325 10186  2041 10182
10232 10221  5339  2710
 5339  2710 10232 10221
  932  5339 10221   932
 2710  5343 10231 10232
10231 10232  2710  5343
 6384  2052 10296  1256
 1065 10322  5396  1065
  133   960 10410 10427
 5329   133 10427 10201
  960  5449 10411 10410
10424 10416   214  2009
10423 10424  2009  5453
 5453   961  5988 10423
 2009  5453 10423 10424
 2753  5988   961  5986
10410 10427   133   960
10411 10410   960  5449
 2018 10411  5449 10412
 1333  2695 10446 10450
10438  6352   469  1650
 2695  2018 10412 10446
10412 10446  2695  2018
 5449 10412  2018 10411
10446 10450  1333  2695
  964   135   135  9556
 3940   139   139  7929
 6691   845   845  2580
10221   932   932  5339
 9781  5495 10501   812
  471   893   893  7696
12538 12245 12543 12284
12539 12538 12284 12079
12285 12085 12839 12542
12245 12285 12542 12543
12122 12650 12065 12705
12688 12687 12134 12095
12687 12697 12073 12134
12705 12688 12095 12122
12065 12705 12122 12650
12716 12715 12118 12092
12715 12723 12064 12118
12736 12716 12092 12136
12697 12736 12136 12073
12115 12129 12787 12827
12129 12216 12782 12787
12216 12171 12775 12782
12782 12787 12129 12216
12723 12120 12772 12064
12820 12115 12827 12209
12827 12209 12820 12115
12787 12827 12115 12129
12832 12212 12843 12437
12833 12832 12437 12066
12439 12839 12085 12842
12212 12439 12842 12843
12441 12833 12066 12850
12211 12441 12850 12851
12442 12087 12087 12859
12543 12284 12538 12245
12542 12543 12245 12285
12079 12560 12290 12539
12284 12079 12539 12538
12560 12243 12572 12290
12243 12292 12573 12572
12292 12065 12650 12573
12572 12290 12560 12243
12092 12136 12736 12716
12136 12073 12697 12736
12118 12092 12716 12715
12064 12118 12715 12723
12095 12122 12705 12688
12650 12573 12292 12065
12290 12539 12079 12560
12573 12572 12243 12292
12134 12095 12688 12687
12073 12134 12687 12697
12171 12773 12416 12775
12120 12416 12773 12772
12772 12064 12723 12120
12773 12772 12120 12416
12775 12782 12216 12171
12416 12775 12171 12773
12085 12842 12439 12839
12431 12820 12209 12818
13137 12431 12818 12821
12843 12437 12832 12212
12842 12843 12212 12439
12437 12066 12833 12832
12839 12542 12285 12085
12066 12850 12441 12833
12851 12442 12859 12211
12850 12851 12211 12441
12859 12211 12851 12442
12087 12859 12442 12087
13306  5684  2535 15454
  796 11191 13212  5679
11191  5730  2480 13212
 5730 11189 13239  2480
11189  5729  1537 13239
 5729  2483  5728  1537
 2483  5711  1119  5728
 5711  5709  2501  1119
 5709  1433  5710  2501
 1433  2500  5713  5710
 2500   729  5712  5713
  729  5832  2317  5712
 5832  5831  1432  2317
 5831  2323  5830  1432
 2323 11510 13266  5830
11510  1091  5829 13266
 1091 11536 13228  5829
11536  5833  2303 13228
 5833  1412  5834  2303
 1412  2301  5835  5834
 2301  5759   713  5835
 5759  5758  2446   713
 5758  5757  1406  2446
 5757  2449  5756  1406
 2449  1076  5755  5756
 1076  5765  2442  5755
 5765  1514  5766  2442
 1514  2441  5768  5766
 2441   778  5767  5768
  778 13211 10993  5767
13211  5668  2539 10993
 5668 10987 13294  2539
 1505 13402 15434  5663
13402  5667  3347 15434
13403  1505  5937 14088
10987 13403 14088 13294
 5667  5511  5939  3347
 5511  5671  3350  5939
 5671  5462  5938  3350
 5462 13285 11268  5938
13285  3748  5770 11268
 3748   779  5769  5770
  779  5813  2358  5769
 5813  5812  1509  2358
 5812  2360  5811  1509
 2360  5803  1213  5811
 5803  4021  5804  1213
 4021  1899  5805  5804
 1899 13249 11444  5805
13249  5807  2370 11444
 5807  5806  4029  2370
 5806  5796   566  4029
 5796  3989  5794   566
 3989  2380  5795  5794
 2380  5612  1132  5795
 5612  5613  2593  1132
 5613  5608  1846  2593
 5609 13470 14919  5610
13470 10788 13245 14919
13471  5609  5607 15368
 5608 13471 15368  1846
10788 13246 10789 13245
13246  5605  1849 10789
 5605 10780 13289  1849
10780 13290 10779 13289
13290  2595  5604 10779
 2595 10781 13277  5604
10781 13276 10782 13277
13276  1139  5606 10782
 1139  5919  5366  5606
 5919  5892  1142  5366
 5892  5209  5893  1142
 5209  1851  5894  5893
 1851  5898  5220  5894
 5898  1802  5897  5220
 1802  5238  5899  5897
 5238  5793  1052  5899
 5793  5792  3960  1052
 5792  1049  5791  3960
 1049  4613  5850  5791
 4613  1398  5851  5850
 1398  5852  4622  5851
 5852  5847  1399  4622
 5847  4599  5848  1399
 4599  1145  5849  5848
 1145  5874  4940  5849
 5874  5867  1147  4940
 5867  4857  5868  1147
 4857  1855  5869  5868
 1855 11695 13247  5869
11695  2161  5871 13247
 2161 11696 13263  5871
11696   843  5870 13263
  843 11842 13215  5870
11842 13214 11841 13215
13214  5875  2113 11841
 5875 11839 13305  2113
11839 13304 11840 13305
13304  1932  5876 11840
 1932 11845 13252  5876
11845 13251 11844 13252
13251  2111  5877 11844
 2111 11846 13235  5877
11846 13236 11843 13235
13236  5841  1244 11843
 5841 13265 11550  1244
13265  5839  2275 11550
 5839 13301 11549  2275
13301  1929  5840 11549
 1929 13250 11553  5840
13250  2273  5843 11553
 2273 13264 11552  5843
13264   859  5842 11552
  859 13216 11564  5842
13216  5844  2241 11564
 5844 13302 11563  2241
13302  2016  5845 11563
 2016 13259 11566  5845
13259  2239  5846 11566
 2239 13237 11565  5846
13237  5780  1326 11565
 5780 13269 11273  1326
13269  5778  2428 11273
 5778 13299 11272  2428
13299  2013  5779 11272
 2013 11276 13258  5779
11276 13257 11275 13258
13257  2427  5782 11275
 2427 11277 13268  5782
11277 13267 11274 13268
13267   881  5781 11274
  881 13217 11295  5781
13217 11296 13218 11295
11296  5783  2403 13218
 5783  2038  5784  2403
 2038  2402  5785  5784
 2402  5786  3904  5785
 5786  5741   320  3904
 5657 13782 15341  5600
13782 13288 10766 15341
13288   498  5599 10766
  498 13200 10769  5599
13200   938  5603 10769
  938  5660  3334  5603
 5660   939  5659  3334
  939  5736  2476  5659
 5736  5734  1714  2476
 5734  3601  5735  1714
 3601  5732  1998  5735
 5732  2478  5731  1998
 2478  5733  3599  5731
 5733  5722   211  3599
 5722  5721  1123   211
 5721  5719   638  1123
 5719  5720  1309   638
 5720  5620   304  1309
 5620  3149  5619   304
 3149  5617  2589  5619
 5617  5616  3147  2589
 5616   160  5618  3147
  160  1625  5614  5618
 1625   456  5615  5614
  456  1624  5882  5615
 1624  5878   242  5882
 5878  1979  5879   242
 1979 11857 13253  5879
11857  5119  5880 13253
 5119   977  5881  5880
  977  5886  5152  5881
 5886 11864 13224  5152
11864  5885   978 13224
 5885  5883   662   978
 5883  5884  1354   662
 5884   321  5890  1354
  321  1355  5540  5890
 1355   663  5539  5540
  663 13207 10565  5539
13207  2752  5544 10565
 2752  5542  2688  5544
 5542  5541  2750  2688
 5541   647  5543  2750
  647  5441  5930  5543
 5441  2697  5931  5930
 2697  5537  1654  5931
 5537  2694  5536  1654
 2694   891  5538  5536
  891  5584  2630  5538
 5584  5583  2983  2630
 5583   470  5585  2983
  470 13199 11984  5585
13199  5924  1652 11984
 5924  5929   230  1652
 5929  5928  1925   230
 5928  5918   605  1925
 5918  1926  5916   605
 1926   219  5917  5916
  219  1557  5920  5917
 1557  5373  5921  5920
 5373  5692   810  5921
 5692  5691  3399   810
 5691   811  5690  3399
  811 13213 11175  5690
13213  3556  5727 11175
 3556  5725  1560  5727
 5725  5724  3545  1560
 5724  1915  5723  3545
 1915  2490  5726  5723
 2490  5716   897  5726
 5716  5714  2498   897
 5714  1842  5715  2498
 1842  2497  5718  5715
 2497  1129  5717  5718
 1129  5822  2339  5717
 5822  1843  5823  2339
 1843  2337  5825  5823
 2337   868  5824  5825
  868  5836  2289  5824
 5836  1800  5837  2289
 1800  2287  5838  5837
 2287  5749  1041  5838
 5749  5747  2457  1041
 5747  1797  5748  2457
 1797  2456  5750  5748
 2456  5751  3688  5750
 5751   100  5752  3688
  100  5764   888  5752
 5764  5763  3739   888
 5763  5762  1879  3739
 5762  2444  5761  1879
 2444  5664  1194  5761
 5664  3343  5665  1194
 3343 10986 13282  5665
10986  1511  5666 13282
 1511  5670  3348  5666
 5670 13295 10988  3348
 5937 14088 13403  1505
14088 13294 10987 13403
14089  5937  5669 15068
13295 14089 15068 10988
13294  2539  5668 10987
 2539 10993 13211  5668
10993  5767   778 13211
 5767  5768  2441   778
 5768  5766  1514  2441
 5766  2442  5765  1514
 2442  5755  1076  5765
 5755  5756  2449  1076
 5756  1406  5757  2449
 1406  2446  5758  5757
 2446   713  5759  5758
  713  5835  2301  5759
 5835  5834  1412  2301
 5834  2303  5833  1412
 2303 13228 11536  5833
13228  5829  1091 11536
 5829 13266 11510  1091
13266  5830  2323 11510
 5830  1432  5831  2323
 1432  2317  5832  5831
 2317  5712   729  5832
 5712  5713  2500   729
 5713  5710  1433  2500
 5710  2501  5709  1433
 2501  1119  5711  5709
 1119  5728  2483  5711
 5728  1537  5729  2483
 1537 13239 11189  5729
13239  2480  5730 11189
 2480 13212 11191  5730
13212  5679   796 11191
 5680 14202 15047  5936
14202 11001 13297 15047
14203  5680  5684 15893
 5679 14203 15893   796
11001  3365  5681 13297
 3365 12059 13241  5681
12059  5675  1541 13241
 5675 10997 13296  1541
10997  3353  5676 13296
 3353  5673  2538  5676
 5673  3352  5674  2538
 3352 12058 13283  5674
12058  1229  5672 13283
 1229  5689  3394  5672
 5689  5688  1914  3394
 5688  2529  5687  1914
 2529  5654   914  5687
 5654  5655  2548   914
 5655  5652  1877  2548
 5652  2549  5651  1877
 2549  1192  5653  5651
 1192  3773  5776  5653
 3773  1486  5777  5776
 1486  5773    76  5777
 5773  3766  5771    76
 3766  2436  5772  5771
 2436  5774  3768  5772
 5774   167  5775  3768
  167 11666 13193  5775
11666 13192 11686 13193
13192  5857  1033 11686
 5857 13204 11681  1033
13204 13205 11680 11681
13205 13206 11678 11680
13206  5855   539 11678
 5855 13225 11691   539
13225 13226 11693 11691
13226 13227 11690 11693
13227  5856  1003 11690
 5856 13191 11694  1003
13191  5858   150 11694
 5858  5863  1001   150
 5863 13303 11674  1001
13303  4829  5864 11674
 4829 13284 11675  5864
13284  1864  5865 11675
 1864 13248 11677  5865
13248  2168  5866 11677
 2168 13234 11676  5866
13234  5623  1163 11676
 5623 13275 10803  1163
13275  5621  2587 10803
 5621  1862  5622  2587
 1862  2586  5624  5622
 2586  5611  1158  5624
 2594 14331 15369  5607
14331 10790 13230 15369
14332  2594  5610 14918
 5611 14332 14918  1158
10790 13231 10787 13230
13231 13232 10786 10787
13232 13233 10784 10786
13233  5598  1157 10784
 5598 10765 13278  1157
10765 13279 10764 13278
13279  5596  2602 10764
 5596 10763 13287  2602
10763  1358  5597 13287
 1358 10767 13238  5597
10767  2601  5601 13238
14358  5602  5600 15340
 2601 14358 15340  5601
 5602 14357 15894  5657
14357 10768 13184 15894
10768 13185 12989 13184
13185  5594 12063 12989
 5594 10762 13208 12063
10762  5593 12116 13208
 5593  5595 12103 12116
 5595   924 12488 12103
  924  3351 12489 12488
 3351   922 12490 12489
  922  5896 12253 12490
 5896  5895 12451 12253
 5895   228 12501 12451
  228  5455 12506 12501
 5455  5934 12507 12506
 5934  5903   970  2043
 5903  5904  2720   970
 5904  5901  1950  2720
 5901  2721  5900  1950
 2721  5902  5257  5900
 5902  5636   440  5257
 5636  3216  5635   440
 3216  5634  2572  5635
 5634  5633  3214  2572
14424  5580  5935 14718
 5633 14424 14718  3214
 5580 14423 15815   439
14423  1591  5578 15815
 1591  5572   186  5578
 5572  1943  5573   186
 1943  2943  5574  5573
 2943   944  5575  5574
  944  5582  2976  5575
 5582  5581   945  2976
 5581   652  5560   945
  652  1332  5561  5560
 1332   315  5562  5561
  315  1331  5923  5562
 1331   651  5922  5923
  651  5389  5927  5922
 5389  5926  2704  5927
 5926  5925  5385  2704
 5925  5913   655  5385
 5913  5317  5911   655
 5317  2713  5912  5911
 2713  5914  5321  5912
 5914  5862   496  5321
 5862  4819  5860   496
 4819  2173  5861  5860
 2173   933  5859  5861
  933  5891  2077  5859
 5891  5889  1705  2077
 5889  2083  5888  1705
 2083   682  5887  5888
  682  5906  2063  5887
 5906  1759  5907  2063
 1759  2061  5910  5907
 2061  5545   974  5910
 5545  2777  5546   974
 2777   972  5547  5546
  972  4688  5853  5547
 4688   973  5854  5853
  973  5873  2150  5854
 5873  5872  4909  2150
 5872  5789   521  4909
 5789  3933  5787   521
 3933  2394  5788  5787
 2394   766  5790  5788
  766  5814  2355  5790
 5814  1747  5815  2355
 1747  2349  5816  5815
 2349  5686   967  5816
 5686  5685  3383   967
 5685  5645   966  3383
 5645  5644  3282   966
 5644   965  5643  3282
  965  5828  2334  5643
 5828  5827  1744  2334
 5827 13300 11479  1744
13300  2336  5826 11479
 2336 13210 11480  5826
13210  5819   740 11480
 5819  5818  4120   740
 5818  5817   739  4120
 5817 13202 11816   739
13202 11464 13201 11816
11464  5820   510 13201
 5820 11466 13220   510
11466 13221 11818 13220
13221  5821   955 11818
 5821 11467 13189   955
11467 13190 11819 13189
13190 11469 13188 11819
11469 11470 13187 13188
11470  5553   131 13187
 5553 13223 10607   131
13223 10587 13222 10607
10587  5552   956 13222
 5552 10586 13203   956
10586  5550   511 13203
 5550  2786  5548   511
 2786  2679  5549  5548
 2679  1278  5551  5549
 1278  5556  2665  5551
 5556  1602  5557  2665
 1602  2662  5558  5557
 2662   846  5559  5558
  846  5909  2062  5559
 5909  5908  5310  2062
 5908  5905   447  5310
 5905  1266  5625   447
 1266  3173  5626  5625
 3173  1267  5627  5626
 1267  5632  3212  5627
 5632  5631  1952  3212
 5631   153  5630  1952
  153  1592  5628  5630
 5935 14718 14424  5580
14718  3214  5633 14424
14719  5935  5629 15532
 1592 14719 15532  5628
 3214  2572  5634  5633
 2572  5635  3216  5634
 5635   440  5636  3216
  440  5257  5902  5636
 5257  5900  2721  5902
 5900  1950  5901  2721
 1950  2720  5904  5901
 2720   970  5903  5904
 3904  5785  2402  5786
 5785  5784  2038  2402
 5784  2403  5783  2038
 2403 13218 11296  5783
13218 11295 13217 11296
11295  5781   881 13217
 5781 11274 13267   881
11274 13268 11277 13267
13268  5782  2427 11277
 5782 11275 13257  2427
11275 13258 11276 13257
13258  5779  2013 11276
 5779 11272 13299  2013
11272  2428  5778 13299
 2428 11273 13269  5778
11273  1326  5780 13269
 1326 11565 13237  5780
11565  5846  2239 13237
 5846 11566 13259  2239
11566  5845  2016 13259
 5845 11563 13302  2016
11563  2241  5844 13302
 2241 11564 13216  5844
11564  5842   859 13216
 5842 11552 13264   859
11552  5843  2273 13264
 5843 11553 13250  2273
11553  5840  1929 13250
 5840 11549 13301  1929
11549  2275  5839 13301
 2275 11550 13265  5839
11550  1244  5841 13265
 1244 11843 13236  5841
11843 13235 11846 13236
13235  5877  2111 11846
 9772  1566  9771  5066
 5877 11844 13251  2111
11844 13252 11845 13251
13252  5876  1932 11845
  672  9772  5066  9749
 5876 11840 13304  1932
11840 13305 11839 13304
13305  2113  5875 11839
 2113 11841 13214  5875
11841 13215 11842 13214
13215  5870   843 11842
 5870 13263 11696   843
13263  5871  2161 11696
 5871 13247 11695  2161
13247  5869  1855 11695
 5869  5868  4857  1855
 5868  1147  5867  4857
 1147  4940  5874  5867
 4940  5849  1145  5874
 5849  5848  4599  1145
 5848  1399  5847  4599
 1399  4622  5852  5847
 4622  5851  1398  5852
 5851  5850  4613  1398
 5850  5791  1049  4613
 5791  3960  5792  1049
 3960  1052  5793  5792
 1052  5899  5238  5793
 5899  5897  1802  5238
 5897  5220  5898  1802
 5220  5894  1851  5898
 5894  5893  5209  1851
 5893  1142  5892  5209
 1142  5366  5919  5892
 5366  5606  1139  5919
 5606 10782 13276  1139
10782 13277 10781 13276
13277  5604  2595 10781
 5604 10779 13290  2595
10779 13289 10780 13290
13289  1849  5605 10780
 1849 10789 13246  5605
10789 13245 10788 13246
14919  5610  5609 13470
13245 14919 13470 10788
 5610 14918 14332  2594
14918  1158  5611 14332
 1158  5624  2586  5611
 5624  5622  1862  2586
 5622  2587  5621  1862
 2587 10803 13275  5621
10803  1163  5623 13275
 1163 11676 13234  5623
11676  5866  2168 13234
 5866 11677 13248  2168
11677  5865  1864 13248
 5865 11675 13284  1864
11675  5864  4829 13284
 5864 11674 13303  4829
11674  1001  5863 13303
 1001   150  5858  5863
  150 11694 13191  5858
11694  1003  5856 13191
 1003 11690 13227  5856
11690 11693 13226 13227
11693 11691 13225 13226
11691   539  5855 13225
  539 11678 13206  5855
11678 11680 13205 13206
11680 11681 13204 13205
11681  1033  5857 13204
 1033 11686 13192  5857
11686 13193 11666 13192
13193  5775   167 11666
 5775  3768  5774   167
 3768  5772  2436  5774
 5772  5771  3766  2436
 5771    76  5773  3766
   76  5777  1486  5773
 5777  5776  3773  1486
 5776  5653  1192  3773
 5653  5651  2549  1192
 5651  1877  5652  2549
 1877  2548  5655  5652
 2548   914  5654  5655
  914  5687  2529  5654
 5687  1914  5688  2529
 1914  3394  5689  5688
 3394  5672  1229  5689
 5672 13283 12058  1229
13283  5674  3352 12058
 5674  2538  5673  3352
 2538  5676  3353  5673
 5676 13296 10997  3353
13296  1541  5675 10997
 1541 13241 12059  5675
13241  5681  3365 12059
 5681 13297 11001  3365
 5936 15046 15455  2535
15046 13240 11002 15455
15047  5936  5680 14202
13297 15047 14202 11001
13240  5678  1539 11002
 5678  2536  5677  1539
 2536  5661  1205  5677
 5661 13273 10980  1205
13273  5662  2542 10980
 5662 13293 10979  2542
 5669 15068 14089  5937
15068 10988 13295 14089
15069  5669  5663 15433
13293 15069 15433 10979
10988  3348  5670 13295
 3348  5666  1511  5670
 5666 13282 10986  1511
13282  5665  3343 10986
 5665  1194  5664  3343
 1194  5761  2444  5664
 5761  1879  5762  2444
 1879  3739  5763  5762
 3739   888  5764  5763
  888  5752   100  5764
 5752  3688  5751   100
 3688  5750  2456  5751
 5750  5748  1797  2456
 5748  2457  5747  1797
 2457  1041  5749  5747
 1041  5838  2287  5749
 5838  5837  1800  2287
 5837  2289  5836  1800
 2289  5824   868  5836
 5824  5825  2337   868
 5825  5823  1843  2337
 5823  2339  5822  1843
 2339  5717  1129  5822
 5717  5718  2497  1129
 5718  5715  1842  2497
 5715  2498  5714  1842
 2498   897  5716  5714
  897  5726  2490  5716
 5726  5723  1915  2490
 5723  3545  5724  1915
 3545  1560  5725  5724
 1560  5727  3556  5725
 5727 11175 13213  3556
11175  5690   811 13213
 5690  3399  5691   811
 3399   810  5692  5691
  810  5921  5373  5692
 5921  5920  1557  5373
 5920  5917   219  1557
 5917  5916  1926   219
 5916   605  5918  1926
  605  1925  5928  5918
 1925   230  5929  5928
  230  1652  5924  5929
 1652 11984 13199  5924
11984  5585   470 13199
 5585  2983  5583   470
 2983  2630  5584  5583
 2630  5538   891  5584
 5538  5536  2694   891
 5536  1654  5537  2694
 1654  5931  2697  5537
 5931  5930  5441  2697
 5930  5543   647  5441
 5543  2750  5541   647
 2750  2688  5542  5541
 2688  5544  2752  5542
 5544 10565 13207  2752
10565  5539   663 13207
 5539  5540  1355   663
 5540  5890   321  1355
 5890  1354  5884   321
 1354   662  5883  5884
  662   978  5885  5883
  978 13224 11864  5885
13224  5152  5886 11864
 5152  5881   977  5886
 5881  5880  5119   977
 5880 13253 11857  5119
13253  5879  1979 11857
 5879   242  5878  1979
  242  5882  1624  5878
 5882  5615   456  1624
 5615  5614  1625   456
 5614  5618   160  1625
 5618  3147  5616   160
 3147  2589  5617  5616
 2589  5619  3149  5617
 5619   304  5620  3149
  304  1309  5720  5620
 1309   638  5719  5720
  638  1123  5721  5719
 1123   211  5722  5721
  211  3599  5733  5722
 3599  5731  2478  5733
 5731  1998  5732  2478
 1998  5735  3601  5732
 5735  1714  5734  3601
 1714  2476  5736  5734
 2476  5659   939  5736
 5659  3334  5660   939
 3334  5603   938  5660
 5603 10769 13200   938
10769  5599   498 13200
 5599 10766 13288   498
 5600 15340 14358  5602
15340  5601  2601 14358
15341  5600  5657 13782
10766 15341 13782 13288
 5601 13238 10767  2601
13238  5597  1358 10767
 5597 13287 10763  1358
13287  2602  5596 10763
 2602 10764 13279  5596
10764 13278 10765 13279
13278  1157  5598 10765
 1157 10784 13233  5598
10784 10786 13232 13233
10786 10787 13231 13232
10787 13230 10790 13231
15369  5607  2594 14331
13230 15369 14331 10790
 5607 15368 13471  5609
15368  1846  5608 13471
 1846  2593  5613  5608
 2593  1132  5612  5613
 1132  5795  2380  5612
 5795  5794  3989  2380
 5794   566  5796  3989
  566  4029  5806  5796
 4029  2370  5807  5806
 2370 11444 13249  5807
11444  5805  1899 13249
 5805  5804  4021  1899
 5804  1213  5803  4021
 1213  5811  2360  5803
 5811  1509  5812  2360
 1509  2358  5813  5812
 2358  5769   779  5813
 5769  5770  3748   779
 5770 11268 13285  3748
11268  5938  5462 13285
 5938  3350  5671  5462
 3350  5939  5511  5671
 5939  3347  5667  5511
 5663 15433 15069  5669
15433 10979 13293 15069
15434  5663  1505 13402
 3347 15434 13402  5667
10979  2542  5662 13293
 2542 10980 13273  5662
10980  1205  5661 13273
 1205  5677  2536  5661
 5677  1539  5678  2536
 1539 11002 13240  5678
15455  2535  5936 15046
11002 15455 15046 13240
 2535 15454 13306  5684
15454  3366  5682 13306
 3366   413  5683  5682
  413 13196 11460  5683
13196  5808  1540 11460
 5808  5810  8164  1540
 5810  5809  1912  8153
 5809  5801   598  1912
 5801  4003  5800   598
 4003  5798  2377  5800
 5798  5797  4001  2377
 5797   643  5799  4001
  643  1316  5802  5799
 1316  5571   310  5802
 5571  2916  5570   310
 2916  5569  2647  5570
 5569  5568  2914  2647
 5568  5565   190  2914
 5565  2906  5563   190
 2906  2649  5564  5563
 2649  5566  2908  5564
 5566   281  5567  2908
  281 10680 13195  5567
10680  2948  5579 13195
 2948  5576  1263  5579
 5576 10679 13286  1263
10679  2945  5577 13286
 2945 12057 13197  5577
12057 13198 12056 13197
15533  5629   439 15814
13198 15533 15814 12056
 5629 15532 14719  5935
15532  5628  1592 14719
 5628  5630   153  1592
 5630  1952  5631   153
 1952  3212  5632  5631
 3212  5627  1267  5632
 5627  5626  3173  1267
 5626  5625  1266  3173
 5625   447  5905  1266
  447  5310  5908  5905
 5310  2062  5909  5908
 2062  5559   846  5909
 5559  5558  2662   846
 5558  5557  1602  2662
 5557  2665  5556  1602
 2665  5551  1278  5556
 5551  5549  2679  1278
 5549  5548  2786  2679
 5548   511  5550  2786
  511 13203 10586  5550
13203   956  5552 10586
  956 13222 10587  5552
13222 10607 13223 10587
10607   131  5553 13223
  131 13187 11470  5553
13187 13188 11469 11470
13188 11819 13190 11469
11819 13189 11467 13190
13189   955  5821 11467
  955 11818 13221  5821
11818 13220 11466 13221
13220   510  5820 11466
  510 13201 11464  5820
13201 11816 13202 11464
11816   739  5817 13202
  739  4120  5818  5817
 4120   740  5819  5818
  740 11480 13210  5819
11480  5826  2336 13210
 5826 11479 13300  2336
11479  1744  5827 13300
 1744  2334  5828  5827
 2334  5643   965  5828
 5643  3282  5644   965
 3282   966  5645  5644
  966  3383  5685  5645
 3383   967  5686  5685
  967  5816  2349  5686
 5816  5815  1747  2349
 5815  2355  5814  1747
 2355  5790   766  5814
 5790  5788  2394   766
 5788  5787  3933  2394
 5787   521  5789  3933
  521  4909  5872  5789
 4909  2150  5873  5872
 2150  5854   973  5873
 5854  5853  4688   973
 5853  5547   972  4688
 5547  5546  2777   972
 5546   974  5545  2777
  974  5910  2061  5545
 5910  5907  1759  2061
 5907  2063  5906  1759
 2063  5887   682  5906
 5887  5888  2083   682
 5888  1705  5889  2083
 1705  2077  5891  5889
 2077  5859   933  5891
 5859  5861  2173   933
 5861  5860  4819  2173
 5860   496  5862  4819
  496  5321  5914  5862
 5321  5912  2713  5914
 5912  5911  5317  2713
 5911   655  5913  5317
  655  5385  5925  5913
 5385  2704  5926  5925
 2704  5927  5389  5926
 5927  5922   651  5389
 5922  5923  1331   651
 5923  5562   315  1331
 5562  5561  1332   315
 5561  5560   652  1332
 5560   945  5581   652
  945  2976  5582  5581
 2976  5575   944  5582
 5575  5574  2943   944
 5574  5573  1943  2943
 5573   186  5572  1943
  186  5578  1591  5572
  439 15814 15533  5629
15814 12056 13198 15533
15815   439  5580 14423
 5578 15815 14423  1591
12056 13197 12057 13198
13197  5577  2945 12057
 5577 13286 10679  2945
13286  1263  5576 10679
 1263  5579  2948  5576
 5579 13195 10680  2948
13195  5567   281 10680
 5567  2908  5566   281
 2908  5564  2649  5566
 5564  5563  2906  2649
 5563   190  5565  2906
  190  2914  5568  5565
 2914  2647  5569  5568
 2647  5570  2916  5569
 5570   310  5571  2916
  310  5802  1316  5571
 5802  5799   643  1316
 5799  4001  5797   643
 4001  2377  5798  5797
 2377  5800  4003  5798
 5800   598  5801  4003
  598  1912  5809  5801
15874  8151  4074 15875
 1912  8153  5810  5809
 8153 15874 15875    47
15875    47  8153 15874
 4074 15875 15874  8151
   47 15877 15878  8164
15877  8166  4082 15878
15878  8164    47 15877
 4082 15878 15877  8166
 8164  1540  5808  5810
 1540 11460 13196  5808
11460  5683   413 13196
 5683  5682  3366   413
 5682 13306 15454  3366
 5684 15893 14203  5680
15893   796  5679 14203
15894  5657  5602 14357
12506 12501   228  5455
12501 12451  5895   228
12451 12253  5896  5895
12253 12490   922  5896
12490 12489  3351   922
12489 12488   924  3351
12488 12103  5595   924
12103 12116  5593  5595
12116 13208 10762  5593
13208 12063  5594 10762
12063 12989 13185  5594
12989 13184 10768 13185
13184 15894 14357 10768
  970  2043  5934  5903
 2043 14756 16082 12507
14756  5933 12477 16082
 5933  5932 12457 12477
 5932  5915 12112 12457
 5915  5322 12502 12112
 5322  2060 12503 12502
 2060 11910 13262 12503
11910 13261 13182 13262
13261  1658 12504 13182
 1658 11962 13244 12504
11962 13243 13183 13244
13243  2054 12505 13183
 2054  5555 12130 12505
 5555  5554 12255 12130
 5554   895 12478 12255
  895  3056 12482 12478
 3056  1662 12483 12482
 1662  3057 12484 12483
 3057 12062 13194 12484
12062  5592 12081 13194
 5592 13255 12924 12081
13255 10761 13254 12924
10761  5591 12200 13254
 5591  5590 12272 12200
 5590  5589 12141 12272
 5589 10760 13280 12141
10760 13281 12923 13280
13281  5588 12251 12923
 5588  5587 12261 12251
 5587  5586 12105 12261
 5586  3001 12479 12105
 3001  2625 12480 12479
 2625  1012 12481 12480
 1012  5647 12234 12481
 5647  5646 12194 12234
 5646 10965 13292 12194
10965  2554 12487 13292
 2554 10966 13219 12487
10966  5638 12140 13219
 5638 10915 13274 12140
10915  5639 12246 13274
 5639 10916 13242 12246
10916  5637 12173 13242
 5637 10908 13291 12173
10908  2567 12485 13291
 2567   800 12486 12485
  800  5701 12224 12486
 5701  5700 12175 12224
 5700  3459 12492 12175
 3459  5699 12168 12492
 5699  5698 12376 12168
 5698   698 12491 12376
  698  5706 12221 12491
 5706  5705 12394 12221
 5705   111 12495 12394
  111  1728 12493 12495
 1728   507 12494 12493
  507  1729 12497 12494
 1729  5743 12069 12497
 5743  5742 12207 12069
 5742   660 12496 12207
  660  2036 12500 12496
 2036  5745 12067 12500
 5745  3655 12498 12067
 3655  2464 12499 12498
 2464  5746 13138 12499
 5746 14757 16081 12432
14757   320  5741 16081
  320  3904  5786  5741
 5741 16081 14757   320
16081 12432  5746 14757
12432 16292 16293 13138
16292 13137 12821 16293
16293 13138 12432 16292
12821 16293 16292 13137
13138 12499  2464  5746
12818 12821 13137 12431
12209 12818 12431 12820
12499 12498  3655  2464
12498 12067  5745  3655
12067 12500  2036  5745
12500 12496   660  2036
12496 12207  5742   660
12207 12069  5743  5742
12069 12497  1729  5743
12497 12494   507  1729
12494 12493  1728   507
12493 12495   111  1728
12495 12394  5705   111
12394 12221  5706  5705
12221 12491   698  5706
12491 12376  5698   698
12376 12168  5699  5698
12168 12492  3459  5699
12492 12175  5700  3459
12175 12224  5701  5700
12224 12486   800  5701
12486 12485  2567   800
12485 13291 10908  2567
13291 12173  5637 10908
12173 13242 10916  5637
13242 12246  5639 10916
12246 13274 10915  5639
13274 12140  5638 10915
12140 13219 10966  5638
13219 12487  2554 10966
12487 13292 10965  2554
13292 12194  5646 10965
12194 12234  5647  5646
12234 12481  1012  5647
12481 12480  2625  1012
12480 12479  3001  2625
12479 12105  5586  3001
12105 12261  5587  5586
12261 12251  5588  5587
12251 12923 13281  5588
12923 13280 10760 13281
13280 12141  5589 10760
12141 12272  5590  5589
12272 12200  5591  5590
12200 13254 10761  5591
13254 12924 13255 10761
12924 12081  5592 13255
12081 13194 12062  5592
13194 12484  3057 12062
12484 12483  1662  3057
12483 12482  3056  1662
12482 12478   895  3056
12478 12255  5554   895
12255 12130  5555  5554
12130 12505  2054  5555
12505 13183 13243  2054
13183 13244 11962 13243
13244 12504  1658 11962
12504 13182 13261  1658
13182 13262 11910 13261
13262 12503  2060 11910
12503 12502  5322  2060
12502 12112  5915  5322
12112 12457  5932  5915
12457 12477  5933  5932
12477 16082 14756  5933
16082 12507  2043 14756
12507 12506  5455  5934
