360   1   1   2
361 362 363   9
362 360   2   3
363   9 361 362
364 365 459  10
365 363   3 454
369 361   9  15
  9  15 369 361
370 364  10  16
 10  16 370 364
371 369  15  21
 15  21 371 369
372 370  16  22
 25  26 376  25
374 371  21  27
 21  27 374 371
375 372  22  28
376  25  25  26
377 375  28  34
380  33 381  39
381  39 380  33
383 380  39  45
 39  45 383 380
384 383  45  51
 45  51 384 383
385 384  51  57
 51  57 385 384
389 392  69  63
391  69 392  75
392  75 391  69
394 391  75  81
 75  81 394 391
 81 397  88 394
397  94 465  88
400 107 107 108
402 400 108 112
404 402 112 117
117 123 405 404
405 404 117 123
123 406 129 405
406 135 407 408
407 408 406 135
408 134 134 129
135 141 409 407
137 411 143 137
409 407 135 141
141 147 414 409
410 143 411 149
411 149 410 143
147 153 417 414
415 410 149 155
149 155 415 410
153 159 420 417
418 415 155 161
155 161 418 415
159 165 423 420
421 418 161 167
161 167 421 418
165 171 426 423
424 421 167 173
167 173 424 421
427 424 173 179
173 179 427 424
177 183 432 429
430 427 179 185
179 185 430 427
183 189 435 432
433 430 185 191
185 191 433 430
436 433 191 197
191 197 436 433
439 436 197 203
197 203 439 436
442 441 201 208
202 447 208 202
443 439 203 209
203 209 443 439
444 205 205 211
205 211 444 205
445 442 447 446
446 443 209 215
447 446 445 442
209 215 446 443
448 444 211 217
451 445 215 222
215 222 451 445
452 448 217 223
  1   2 360   1
  2   3 362 360
  3 454 365 363
454 451 222 455
455 452 223   4
222 455 454 451
456  97  97 225
459  10 364 365
 28  34 377 375
 26 374  27 376
 33 377  34 381
 27 376  26 374
 34 381  33 377
 57 389  63 385
 88 394  81 397
465  88 397  94
225 465  94 456
 97 225 456  97
 94 456 225 465
107 108 400 107
108 112 402 400
112 117 404 402
129 405 123 406
134 129 408 134
143 137 137 411
171 177 429 426
189 195 438 435
201 208 442 441
208 202 202 447
195 201 441 438
323 322 475 323
474 472 326 328
475 323 323 322
476 474 328 339
339 329 329 476
477 344 479 342
478 477 342 343
344 326 472 479
343 469 322 478
342 343 478 477
329 476 339 329
503 501 101 570
311 489  96 500
489 490 318  96
490 468  92 318
468  91 457  92
 91 488 319 457
519 471  90 665
488 519 665 319
101 570 503 501
570 491 320 503
491 399 104 320
399 106 460 104
106 401 110 460
401 403 115 110
403 121 467 115
121 321 495 467
321 127 494 495
127 315 502 494
315 496 133 502
496 497 316 133
497 139 498 316
139 499 317 498
499 413 146 317
414 409 141 147
413 152 412 146
417 414 147 153
152 158 416 412
420 417 153 159
158 164 419 416
423 420 159 165
164 170 422 419
426 423 165 171
170 176 425 422
429 426 171 177
176 182 428 425
432 429 177 183
182 188 431 428
435 432 183 189
188 194 434 431
438 435 189 195
194 200 437 434
441 438 195 201
200 206 440 437
206 450 212 440
450 218 449 212
218 224 453 449
224 368   5 453
368  11 367 366
 11 373  17 367
373  23 461  17
 23 379  29 461
379  35 378  29
 35 482 305 378
482 382  36 305
382  42 462  36
 42 483 306 462
483  49 484 306
 49 485 307 484
485 463  56 307
 63 385  57 389
463  62 386  56
 69  63 389 392
 62 388  61 386
388 387  60  61
387  66 390  60
 66  72 393 390
 72  78 395 393
 78  84 464 395
 84 486 308 464
666  90 487 705
486 666 705 308
 90 665 519 471
665 319 488 519
319 457  91 488
457  92 468  91
 92 318 490 468
318  96 489 490
 96 500 311 489
686 458 501 818
500 686 818 311
458 685 836 101
685 102 473 836
102 357 480 473
357 466  98 480
466 398 292  98
398 396 470 292
487 705 666  90
705 308 486 666
706 487 471 884
396 706 884 290
308 464  84 486
464 395  78  84
395 393  72  78
393 390  66  72
390  60 387  66
 60  61 388 387
 61 386  62 388
386  56 463  62
 56 307 485 463
307 484  49 485
484 306 483  49
306 462  42 483
462  36 382  42
 36 305 482 382
305 378  35 482
378  29 379  35
 22  28 375 372
 29 461  23 379
 16  22 372 370
461  17 373  23
 17 367  11 373
748 459   4 749
367 366 368  11
366 748 749   5
749   5 366 748
223   4 455 452
  4 749 748 459
  5 453 224 368
217 223 452 448
453 449 218 224
211 217 448 444
449 212 450 218
212 440 206 450
440 437 200 206
437 434 194 200
434 431 188 194
431 428 182 188
428 425 176 182
425 422 170 176
422 419 164 170
419 416 158 164
416 412 152 158
412 146 413 152
146 317 499 413
317 498 139 499
498 316 497 139
316 133 496 497
133 502 315 496
502 494 127 315
494 495 321 127
495 467 121 321
467 115 403 121
115 110 401 403
110 460 106 401
460 104 399 106
104 320 491 399
320 503 570 491
501 818 686 458
818 311 500 686
290 822 823 470
822 475 469 823
823 470 290 822
469 823 822 475
470 292 398 396
292  98 466 398
479 342 477 344
472 479 344 326
 98 480 357 466
480 473 102 357
836 101 458 685
473 836 685 102
328 339 476 474
326 328 474 472
322 478 343 469
471 884 706 487
884 290 396 706
