3066
     3  25792  76559  48166
 41336  20101  49663  49664
  1755  48175   3428  48239
 39463  39498  49752  62252
 48299  27062  49790  49463
 41675  41705  50866  50867
 48453   6100  49767  39476
 44943  44944  72961  72960
 19344  34837  50870  54501
  6199   8463  63909  62596
 10598  29325  53342  60588
 38621  43063  64220  66375
  7242  19371  51258  51259
 48928  19382  53878  26315
 27294  27293  54700  54701
 35599  35601  49247  49264
 18680  18684  63104  63720
 35798  35961  63102  49308
  7150   6200  49347  49503
  1604  49247  35601  49263
 17887  17432  50911  63500
 36739  49408  36740  49406
 49410  20790  50465  23949
 39064  49482  47574  67291
 49503   5512  49505   7150
 49505   7150  49503   5512
 49506  49505   5512  23351
  2665  45576  58563  49704
 49579   2723  49580  15773
 49580  15773  49579   2723
  5488   5514  49612  49613
 49612  49613   5488   5514
  5470   5488  49613  55455
 31743  49625  31433  60319
 18395  18398  52343  63211
 19008  18507  54143  19008
 30404  30431  58933  58843
 30462  30404  58843  59132
 49663  49664  41336  20101
 25792  25845  52171  76559
 25950  25953  61372  61370
 25953  40000  61374  61372
 33362  47391  77529  77425
 39962  26175  61482  61390
 39789  26158  69191  52981
 39796  26217  50869  61621
 26291  26210  49741  49742
 49741  49742  26291  26210
 49748  26478  49750  19977
 36681  49748  19977  62058
  1935  49762   1954  49761
 49767  39476  48453   6100
 39476  26861  53009  48453
  1917   3453  49845  49846
 39211  27291  49809  49808
 42158   6141  49816  61092
 42180  39151  53240  53241
 27626  27543  63023  49853
 49845  49846   1917   3453
 38875  41703  63298  49881
 49881  27951  49907  38875
 18438  49939  28184  50694
 38770  28264  49962  53058
 28425  49962  28264  53076
 46192  19240  53063  54156
 49973   1954  49762  32945
 32945   2061  50013  49973
 50013  49973  32945   2061
 50029  41242  72141  12848
 31442  50074   2085  51615
 30385  31442  51615  50230
 28301  50319    674  50320
 30342  36362  65001  66469
   774  28301  50320  50357
   826    774  50357  50402
 50357  50402    826    774
 24881  24602  56029  56112
   858    826  50402  50446
 24238  50482  17717  50490
 41883  27151  50491  50492
 39374  17295  50511  50512
 50511  50512  39374  17295
 17329  33057  62950  75942
 17638  33973  50551  50552
 50551  50552  17638  33973
 17688  17638  50552  50566
 50552  50566  17688  17638
 17701  17702  50641  50638
  2332   1015  50602  50624
 50638  50639  18333  17701
 50641  50638  17701  17702
 50696  18333  50639  18334
 28184  50694  18438  49939
 46653   6071  68475  59983
  9759  19157  50853  50854
 50853  50854   9759  19157
 50863  41653  41653  69191
 26158  50866  50860  50863
 40350  50870  34837  54180
 50873  41667  69079  41742
 41904  50877  41876  61316
  7076  36739  49406  53578
 42030  33715  50893  50894
 33718  33733  61253  61241
 50893  50894  42030  33715
 42122  41638  61431  61158
  6479  50911  17432  50898
 50898  50913   3913   6479
 39883  51029  34880  60181
 46871  19344  54501  53897
 35498  32226  51108  60002
 33951  47396  61319  61451
  7653   6889  51118  51119
 51118  51119   7653   6889
 33425  45692  67702  72875
 28277  13420  76623  53062
 50074  50013   2061   2085
 51141   7564  51173  33362
 47445  51141  77425  53829
  7564   7673  54614  51173
 51179  51178   9350   7129
 26650  19323  62344  51214
 51220  46399  54489  19305
 51253  33272  60615  19364
 51276  32139  58110  13819
 42871  42531  57848  51323
 42531  32387  51381  57848
 32737  32571  59976  51375
 49761   1917  49846   1935
 49846   1935  49761   1917
  1954  49761   1935  49762
  2085  51615  31442  50074
 12664  12779  54112  52047
  2366   2332  50624  51874
 50624  51874   2366   2332
  2406   2366  51874  51924
 51874  51924   2406   2366
 13080   2419  51960  51969
  2470  51999   2443  52020
  2443  52020   2470  51999
 12779   3947  52038  54112
 49703  52051   2502  26771
 52047  52060  12431  12664
  2519   2502  52051  52063
  2552   2519  52063  52102
  2701   3933  52244  52245
 52244  52245   2701   3933
  2723   2701  52245  49580
 52245  49580   2723   2701
  6870  18400  52366  52356
 18400  52343  18398  52366
  2818  18382  52347  52346
 52346   2832  52358   2818
 52347  52346   2818  18382
 52358   2818  52346   2832
 52366  52356   6870  18400
 52375   6870  52356   6890
  2847  52358   2832  52376
  2832  52376   2847  52358
 52356   6890  52375   6870
  6894   2847  52376  52406
 49482  47372  71130  47574
 52376  52406   6894   2847
  2868   6894  52406  52423
 52436   2868  52423   2875
 52423   2875  52436   2868
  2875   2876  52445  52436
 52445  52436   2875   2876
 52455  52445   2876   2882
 51178   7076  53578   9350
 52484  18712  50453   2911
 18713  52484   2911  52501
  2911  52501  18713  52484
 52541  52540  20867   2974
 52666  28840  54224   7878
 52667   7832  52668  15567
 52668  15567  52667   7832
 26718  53009  26861  62261
 53009  48453  39476  26861
 53020  48299   6108  39435
 39169  53037  67619  62876
 27951  38834  66779  49907
 49962  53058  38770  28264
 53076  38508  66267  28425
 33926  46594  60010  60012
   930  53240  53238  61144
 53343  53342  29325  29198
 47330  47345  57945  57946
  7248   7103  53790  53789
  3835  52168   2611  52131
 51259  46721  75270   7242
 52649  53840  46690  33350
 19375  53879  46721  53836
 53879  53878  19382  75270
 53829  53886   8759  47445
 53897  19381  59913  46871
 52131  12431  52060   3835
 39604  46583  77247  77248
 52063  52102   2552   2519
 53966  46422  53997  46471
 53997  46471  53966  46422
 46422  51253  19364  77134
 54061  47394  74963  32388
 12431  12664  52047  52060
 20057  20050  54115  54116
 18968  20057  54116  18968
 11472  11459  54129  54142
 54112  52047  12664  12779
 54115  54116  20057  20050
 49664  10223  54133  41336
 10223  11477  54132  54133
 11477  11472  54142  54132
 54128  54129  11459  11466
 54132  54133  10223  11477
 54135  54128  11466   7627
 52038  54112  12779   3947
 54142  54132  11477  11472
 54129  54142  11472  11459
  7637  54135   7627  54145
  7627  54145   7637  54135
 54145  54136   7631   7637
  7631   7637  54145  54136
 54143  19008  19008  18507
 47446  47447  62595  62450
 54501  53897  46871  19344
 54026  53997  77134  46402
 54676  34880  51029  74528
 54700  54701  27294  27293
 54777  54778  47250  40453
 46399  40427  54491  54489
 47475  19288  63937  68247
 28420  28416  55130  76901
 28416  28411  55131  55130
 54133  41336  49664  10223
 55131  55130  28416  28411
 55192  55193  13797  46532
 24107  55131  28411  55202
 28411  55202  24107  55131
 24196  24197  55491  55292
 55292  24107  55202  24196
  6200   5502  55494  49347
 55491  55292  24196  24197
 55494  49347   6200   5502
  5502   5503  55504  55494
  5503  49612   5514  55504
  5528   5470  55455  55495
 55504  55494   5502   5503
  5514  55504   5503  49612
  5542   5528  55495   5542
 11645  23449  55617  55616
 55617  55616  11645  23449
 12830  11645  55616  55639
 55642  11659  55658  11658
 11658  12830  55639  55642
 55658  11658  55642  11659
 11664  55658  11659  11664
 12848  55664  23395  50029
 55193  37811  69917  13797
 55798  55491  24197  24325
 24325  24489  55871  55798
 55871  55798  24325  24489
 24489  24491  55928  55871
 55928  55871  24489  24491
 24491  55966  24601  55928
 19381  47395  59912  59913
 38095  56064   3420  56073
 56064  49702   3419   3420
 24602  24601  55966  56029
  3420  56073  38095  56064
 45576  51276  13819  58563
 48175  56177   3432   3428
  2061   2085  50074  50013
 56203  56202   3455   3464
  3455   3464  56203  56202
 28000  26200  56205  65500
 26200  56203   3464  56205
 23399  23395  55664  74424
 24937  24881  56112  56302
 56112  56302  24937  24881
 25281  23474  67810  56785
 56599  31845  57659  13817
 56785  28613  51416  25281
 47372  43198  56829  56830
 56829  56830  47372  43198
 56830  23108  71278  71130
  3913   6479  50898  50913
 56848   3913  50913   3916
 50913   3916  56848   3913
  3916   3921  56859  56848
 56859  56848   3916   3921
 25667  56859   3921  56861
  3921  56861  25667  56859
 49704  26955  70683   2665
 47024  46950  61249  47024
 57321  36740  49408  20789
 23949  57321  20789  49410
 43063  44923  72933  64220
 20789  49410  23949  57321
 13928  13941  57484  57474
 57659  13817  56599  31845
 46950  57669  33367  61249
 46532  57659  31845  55192
 57848  51323  42871  42531
 57945  57946  47330  47345
 51323  58022  30009  42871
 27835  25667  56861  76436
 58321  42331  61440  42341
 58340  58341  33375  47232
 44350  30529  60092  58516
 58563  49704   2665  45576
 58672  30248  58673  38940
 30431  58931  38961  58933
 20454  20453  71644  64113
 20441  20443  59174  59173
 59174  59173  20441  20443
 30510  30462  59132  59263
 47082  37274  59530  59531
 59530  59531  47082  37274
 74963  32388  54061  47394
 31937  47523  59574  59575
 59574  59575  31937  47523
 59604  33680  61324  33716
 31947  59655  32165  59843
 42288  45668  59691  60839
 39543  55629  17732  67397
 31030  26620  54147  31030
 59575  31932  59834  31937
 59834  31937  59575  31932
 59835  59834  31932  32057
 29604  59841  41926  69666
 59843  31948  31948  31947
 54242  17732  55629  39421
 59912  59913  19381  47395
 59947  49579  15773  16198
 15824  59947  16198  59954
 16198  59954  15824  59947
 59958  32137  59962  33710
 32140  59968  46675  59967
 59983  46666  59984  46653
 32162  59984  46666  75094
 17717  50490  24238  50482
 51108  60002  35498  32226
 60002  32233  75026  35498
 32233  60010  46594  75026
 60093  60092  30529  35766
 31436  39484  60294  60293
 39156  60228  39516  39156
 49625  31436  60293  31433
 60294  60293  31436  39484
 60293  31433  49625  31436
 38546  31743  60319  60367
 56073  24186  71383  38095
 60319  60367  38546  31743
 31874  31829  68338  68337
 32124  38546  60367  60471
 60469  41902  50493   9597
 32195  32124  60471  60493
 32344  32165  59655  60509
 59655  60509  32344  32165
 32508  32195  60493  60520
 60493  60520  32508  32195
 32591  59574  47523  60550
 47523  60550  32591  59574
 60552  32344  60509  32602
 60509  32602  60552  32344
 32708  32508  60520  60557
 60520  60557  32708  32508
 32871  32585  60607  60608
 32768  32591  60550  60571
 60550  60571  32768  32591
 60575  60552  32602  32671
 32602  32671  60575  60552
 35392  60575  32671  60617
 32671  60617  35392  60575
 39493  32708  60557  60623
 60557  60623  39493  32708
 33272  32768  60571  60615
 60712  41813  67250  39487
 33674  33430  60841  61167
 33802  33800  61320  61321
 33803  33802  61326  60960
 33639  60814  33654  61141
 33444  32931  60868  60869
 60862  60863  33443  33441
 60865  60862  33441  33442
 60867  60865  33442  33977
 60870  60868  32931  33440
 60863  60870  33440  33443
 32938  60883  32904  61018
 22466  22465  69673  69648
 22493  22466  69741  69800
 33521  33803  60960  60961
 33523  33527  60965  60966
 33527  33521  60961  60965
 60960  60961  33521  33803
 33522  33523  60966  60968
 60965  60966  33523  33527
 60961  60965  33527  33521
 33525  33522  60968  60969
 60966  60968  33522  33523
 32926  33525  60969  60976
 33543  60996  33832  33543
 50566  32939  59547  17688
 61017  59547  32939  32940
 61018  61017  32940  32938
 61039  45397  59523  34571
 16210  15824  59954  61050
 59954  61050  16210  15824
 53886  61069  47496   8759
 61086  61087  25775  20116
 25775  20116  61086  61087
 61092  72743  83480  42158
 33625  33606  61127  61128
 61127  61128  33625  33606
 33641    930  61144  61143
 61141  33625  61128  33639
 61128  33639  61141  33625
 61144  61143  33641    930
 33654  61141  33639  60814
 61143  61154  33659  33641
 61158  61159  33642  72739
 61154  33674  61167  33659
 39238  33689  67794  67750
 60841  61167  33674  33430
 61207  59958  33710  42061
 61253  61241  33718  33733
 22280  22297  69468  69427
 57669  47381  62202  33367
 56202  49845   3453   3455
 33800  41904  61316  61318
 41876  61316  41904  50877
 61316  61318  33800  41904
 39980  22301  61323  61322
 33804  61320  61318  61328
 61320  61321  33802  33800
 61323  61322  39980  22301
 47300  61324  33680  61371
 33805  61326  61321  61327
 61326  60960  33803  33802
 61321  61327  33805  61326
 61318  61328  33804  61320
 33807  33804  61328  61331
 33809  33805  61327  61332
 61327  61332  33809  33805
 33812  33807  61331  61333
 33815  33809  61332  61338
 61332  61338  33815  33809
 61333  33820  61341  33812
 61341  33812  61333  33820
 33828  33815  61338  61348
 33833  33827  61349  61354
 61348  61349  33827  33828
 33820  61351  33836  61341
 61354  33832  60996  33833
 61349  61354  33833  33827
 33983  33847  61362  61363
 61351  61362  33847  33836
 61362  61363  33983  33847
 61370  49734  39950  25950
 33680  61371  47300  61324
 61372  61370  25950  25953
 61374  61372  25953  40000
 60012  41675  50867  33926
 61404  50873  41742  33930
 50867  33926  60012  41675
 41705  61404  33930  50860
 26021  22201  61446  61445
 47374  47250  54778  73515
 61432  61430  41916  42068
 61438  60867  33977  33978
 61363  61440  42331  33983
 39923  26021  61445  61488
 61446  61445  26021  22201
 61451  57945  47345  33951
 34583  47330  57946  62044
 47345  33951  61451  57945
 61482  61390  39962  26175
 61445  61488  39923  26021
 61488  39824  69150  39923
 69191  52981  39789  26158
 32388  50551  33973  54061
 47396  59912  73514  61319
 61579  39796  61621  39823
 39824  49741  26210  69150
 61619  61482  26175  26242
 26175  26242  61619  61482
 61621  39823  61579  39796
 46592  61640  38203  61650
 38203  61650  46592  61640
 61673  26291  52986  61379
 26242  61673  39671  61619
 52986  61379  61673  26291
 61714    433  74779  47476
   433  53920  46206  74779
 53921  61763  34858  74630
 61379  58321  42341  39671
 54224   7878  52666  28840
 34938  34951  61854  72484
 61855  61854  34951  34952
 61867  61868  20019  19986
 26478  61867  19986  49750
 19986  49750  26478  61867
 61961  36681  62058  26473
 62018  62001  26533  62144
 49750  19977  49748  26478
 57946  62044  34583  47330
 62044  34584  62049  34583
 34584  34585  62050  62049
 39570  62018   6071  62564
 62049  34583  62044  34584
 62050  62049  34584  34585
 33716  62050  34585  59604
 34585  59604  33716  62050
 19977  62058  36681  49748
 26576  62139  21990  62140
 21990  62140  26576  62139
 26533  62144  62018  62001
 62144  49752  39498  68475
 26671  26576  62140  62217
 19371  47404  62241  51258
 62140  62217  26671  26576
 62241  51258  19371  47404
 49752  62252  39463  39498
 62261  26671  62217  26718
 26861  62261  26718  53009
 62295  53917   7567  28118
 21872  39463  62252  68266
 26620  62318   7865  54147
 47250  40453  54777  54778
 19321  62344  19323  19321
 61050  35451  62399  16210
 62399  16210  61050  35451
 35451  38088  62401  62399
 62401  62399  35451  38088
 38088  35455  62418  62401
 38199  62418  35455  66053
 62450  26650  51214  47446
 21860  62486  27035  65579
 62487  27035  62486  27055
 62486  27055  62487  27035
 27053  62487  27055  62529
 49790  49463  48299  27062
 62564  38274  62565  39570
 35479  62565  38274  62570
 38274  62570  35479  62565
 62570  38227  62585  35479
 38227  35495  62587  62585
 59999  62587  35495  46627
 39681  39682  68969  68916
 62596  62597  19267   6199
 62626  27108  68066  21807
 50491  50492  41883  27151
 39289  39315  68018  68019
 19868  27187  62694  67957
 27180  21783  62704  62703
 62703  21712  21712  27180
 62704  62703  27180  21783
 21712  27180  62703  21712
 27291  39236  62851  49809
 62851  49809  27291  39236
 21639  21640  67644  67689
 27336  27323  27323  62872
 27323  62872  27336  27323
 49808  62892  39187  39211
 53037  62911  21597  39170
 62947  62877  27360  53238
 62892  27336  62872  39187
 27543  63022  27470  63023
 27470  63023  27543  63022
 18709  50453  18712  63770
 35987  35988  63151  63919
 63023  49853  27626  27543
 63108  35798  49308  35804
 18684  63109  35802  63104
 63109  63108  35804  35802
 35988  35822  63150  63151
 35822  35825  63152  63153
 63150  63151  35988  35822
 35826  63150  63153  63154
 63152  63153  35822  35825
 63153  63154  35826  63150
 63158  35826  63154  35996
 63163  63158  35996  36001
 36007  63163  36001  63956
 52343  63211  18395  18398
 63279  47300  61371  47301
 52277  52427  18542  31898
 38834  28050  66685  66779
 50911  63500  17887  17432
 38827  37067  63703  66786
   674  50320  28301  50319
 37078  63703  37067  63705
 37067  63705  37078  63703
 37090  37078  63705  63717
 63104  63720  18680  18684
 49264  37090  63717  35599
 63738  18680  63720  18688
 31347  63738  18688  63743
 18688  63743  31347  63738
 35961  34173  66468  63102
 63749   1604  49263  35600
 20386  31347  63743  68214
 63770  63769  19793  18709
 18712  63770  18709  50453
 63787  18713  52501  18714
 20828  63799  22909  63800
 63834  20828  63800  20832
 18166  63834  20832  63842
 20832  63842  18166  63834
 63842  35617  63872  18166
 63872  18166  63842  35617
 63883  63872  35617  35618
 36393  35987  63919  65042
 54180  63909   8463  40350
 63151  63919  35987  35988
 63936  63937  19288  40348
 20865  20867  52540  63971
 20863  52541   2974  20863
 20870  20865  63971  63972
 63965  36003  84385  36004
 22912  20870  63972  63979
 63971  63972  20870  20865
 52540  63971  20865  20867
 63976  36007  63956  36018
 63972  63979  22912  20870
 64002  63965  36004  36008
 64022  52455   2882  18777
 64023  64022  18777  18778
 18778  19842  67655  64023
 20881  20889  64040  64038
 59173  64017  31325  20441
 41827  20886  64039  64068
 64038  64039  20886  20881
 64040  64038  20881  20889
 20896  64040  20889  64054
 64039  64068  41827  20886
 64054  39227  64087  20896
 18796  64036  18782  64082
 64087  20896  64054  39227
 18793  64049  18790  63178
 20447  18796  64082  64081
 63211  20454  64113  18395
 64113  18395  63211  20454
 39439  52667  15567  62270
 64480  46299  80797  19224
 62270  38172  67157  39439
 59913  46871  53897  19381
 60092  58516  44350  30529
 51381  57848  42531  32387
 50230    674  50319  30385
 39488  64954  10126  62280
 34173  65001  36362  66468
 36395  36396  65043  65041
 65042  65043  36396  36393
 65107  44350  58516  18037
 15567  62270  39439  52667
 23351  21990  62139  49506
 29325  29198  53343  53342
 43670  44880  57466  66174
 48826   1755  48239  30593
 65500  28420  76901  28000
 38297  43670  66174  66175
 43198  23094  73313  56829
 27035  65579  21860  62486
 65585  65584  39644  43309
 47232  63279  47301  58340
 66029  66030  38921  38962
 35455  66053  38199  62418
 66053  43051  65555  38199
 66174  66175  38297  43670
 66175  38367  66211  38297
 61371  47301  63279  47300
 66211  38297  66175  38367
 36583  17887  63500  66207
 63500  66207  36583  17887
 38397  66211  38367  66232
 38367  66232  38397  66211
 66207  66260  19642  36583
 38508  38397  66232  66267
 38577  19642  66260  66326
 66260  66326  38577  19642
 66360  38577  66326  38596
 66375  66360  38596  38621
 28264  53076  28425  49962
 64220  66375  38621  43063
 66030  30009  58022  38921
 30248  66029  38962  58673
 65001  66469  30342  36362
 58931  58672  38940  38961
 38962  58673  30248  66029
 44950  43701  66681  66682
 38795  38770  53058  66628
 53058  66628  38795  38770
 66683  66681  43701  43704
 28050  66683  43704  66685
 38812  38795  66628  66715
 66779  49907  27951  38834
 49907  38875  49881  27951
 21444  23032  66907  66908
 23051  66907  23032  23051
 21459  21444  66908  66948
 41611  59523  45397  66971
 66969  21459  66948  23059
 45397  66971  41611  59523
 32409  60469   9597  66996
  9597  66996  32409  60469
 29381  10595  67026  67033
 63769  27756  71288  19793
 50512  39373  67052  39374
 67124  63787  18714  19810
 19810  27626  49853  67124
 49853  67124  19810  27626
 67157  39439  62270  38172
  7673  67190  33121  60711
 60623  67250  41813  39493
 67291  39091  67334  39064
 33973  54061  32388  50551
 39107  39090  67375  67376
 39091  67375  39090  67334
 67397  17814  69116  39543
 17732  67397  39543  55629
 67416  39107  67376  39117
 67376  39117  67416  39107
 67438  34858  61763  80893
 62985  22911  71469  27378
 22911  22912  63979  71469
 39151  39169  62876  62947
 67546  27470  63022  39157
 67552  33325  69782  67587
 67607  21626  67658  27281
 67619  62876  39169  53037
 49809  49808  39211  27291
 21638  67680  86217  67657
 67680  23121  65575  86217
 21668  21639  67689  67688
 67644  67689  21639  21640
 67692  64087  39227  39235
 39235  62851  39236  67692
 62877  42122  72739  27360
 39236  67692  39235  62851
 27281  67654  19846  67607
 23474  24937  56302  67810
 50870  54501  19344  34837
 19858  62694  27187  19858
 67905  39883  60181  39866
 54434  51035  19262  45411
 62694  67957  19868  27187
 27120  27158  67998  68028
 27158  62704  21783  67998
 67957  21795  68011  19868
 21783  67998  27158  62704
 68011  19868  67957  21795
 68023  68018  39315  39323
 67998  68028  27120  27158
 21805  68011  21795  68040
 21798  68023  39323  68024
 21811  21805  68040  68062
 68040  68062  21811  21805
 18782  64082  18796  64036
 21834  21811  68062  68101
 68062  68101  21834  21811
 62529  21834  68101  27053
 68101  27053  62529  21834
 63919  65042  36393  35987
 68138  36395  65041  37193
 35618  37192  63885  63883
 35617  35618  63883  63872
 21867  21860  65579  68206
 65579  68206  21867  21860
 63743  68214  20386  31347
 68224  21867  68206  21886
 21886  21872  68266  68224
 35601  49263   1604  49247
 66469  63749  35600  30342
 68247  19270  68248  47475
  6100  26977  49774  49767
 63703  66786  38827  37067
 40348  40347  40347  63936
 19305  32871  60608  51220
 68338  68337  31874  31829
 68337  59835  32057  31874
 47395  47374  73515  73514
 68475  59983  46653   6071
 39498  68475  62144  49752
 26473  26533  62001  61961
 62058  26473  61961  36681
 62001  61961  26473  26533
 61868  20028  68789  20019
 68789  20019  61868  20028
 22092  23261  65207  68793
 65207  68793  22092  23261
 20031  68789  20028  68812
 20028  68812  20031  68789
 26304  22092  68793  26304
 68793  26304  26304  22092
 68812  68833  20039  20031
 39659  39644  65584  68862
 65584  68862  39659  39644
 68833  68880  20043  20039
 68862  39665  68903  39659
 39665  39681  68916  68903
 68903  39659  68862  39665
 68916  68903  39665  39681
 54116  18968  18968  20057
 47153  33375  58341  47153
 39788  46592  61650  69075
 69077  69078  26217  39793
 69078  69079  41667  50869
 49740  61579  39823   6056
 52981  39788  69075  39789
 69150  39923  61488  39824
 39875  69233  39874  69193
 69234  69263  39934  39872
 61322  39962  61390  39980
 25990  39934  69263  69358
 23398  61446  22201  69360
 69263  69358  25990  39934
 22201  69360  23398  61446
 69360  23402  74428  23398
 61390  39980  61322  39962
 69358  39950  49734  25990
 49308  35804  63108  35798
 41242  22280  69427  72141
 22332  22295  69572  22332
 69468  69427  22280  22297
 20101  22289  69519  49663
 22295  69468  22297  69572
 69519  49663  20101  22289
 22327  69519  22289  69521
 22289  69521  22327  69519
 22301  22371  69582  61323
 20114  22327  69521  69557
 69521  69557  20114  22327
 40000  25775  61087  61374
 69572  22332  22332  22295
 69582  61323  22301  22371
 69557  61086  20116  20114
 20116  20114  69557  61086
 22371  69652  22428  69582
 69652  69741  69648  22428
 23894  69673  22465  69797
 69782  67587  67552  33325
 69783  46525  76107  39696
 28648  67552  39731  62538
 33308  39731  67587  67588
 22465  69797  23894  69673
 69741  69800  22493  22466
 22518  22492  69847  69846
 69800  69847  22492  22493
 22545  22518  69846  69879
 69879  23905  23905  22545
 37262  41611  66971  70018
 58516  18037  65107  44350
 66468  63102  35961  34173
 70683   2665  49704  26955
 34837  54180  40350  50870
 70790  48826  30593  17044
 62587  62585  38227  35495
 13797  46532  55192  55193
  6071  62564  39570  62018
 71130  47574  49482  47372
 67810  56785  25281  23474
 71278  71130  56830  23108
 27756  20386  68214  71288
 71347  63298  41703  22908
 63799  71347  22908  22909
 26897  70683  26955  71444
 71469  27378  62985  22911
 63979  71469  22911  22912
 59189  67619  39170  41804
 41804  41826  71527  59189
 41826  41827  64068  71527
 26843  60301  26822  60302
 71527  59189  41804  41826
 64068  71527  41826  41827
 60301  26803  76670  26822
 71642  20447  64081  20452
 20452  71644  20453  71642
 20453  71642  20452  71644
 71756  32456  51462  59976
 61440  42341  58321  42331
 39671  61619  26242  61673
 35766  67157  38172  60093
 38172  60093  35766  67157
 72141  12848  50029  41242
 50892  61432  68017  41631
 72484   3206  54290  34938
 69079  41742  50873  41667
 41667  50869  69078  69079
 33847  33836  61351  61362
 61338  61348  33828  33815
 41902  41883  50492  50493
 50482  41926  59841  17717
 59841  17717  50482  41926
 72616  41876  50877  41953
 41953  41982  50879  72616
 27062  61253  33733  49790
 42086  72433  41629  72714
 61431  61158  42122  41638
 72743  39238  67750  83480
 33576  61127  33606  72759
 27391  27366  77812  27391
 60976  61039  34571  32926
 34571  32926  60976  61039
 42270  32904  60883  60884
 60884  33444  60869  42270
 43051  57484  13941  65555
 67702  72875  33425  45692
 72933  64220  43063  44923
 44940  72933  44923  72947
 44923  72947  44940  72933
 72947  44943  72960  44940
 72960  44940  72947  44943
 72961  72960  44943  44944
 66682  72961  44944  44950
 73179  50975  23021  23027
 23027  23036  73232  73179
 23036  23046  73244  73232
 23069  23053  73246  73263
 73272  66969  23059  23068
 73285  73272  23068  23075
 23084  23069  73263  73290
 23075  73300  23082  73285
 23094  23082  73300  73313
 73300  73313  23094  23082
 73290  73317  23109  23084
 73313  56829  43198  23094
 23108  23109  73317  71278
 24767  37262  70018  73440
 70018  73440  24767  37262
 73514  61319  47396  59912
 73515  73514  47395  47374
 23273  65207  23261  74005
 23261  74005  23273  65207
 74005  23282  74026  23273
 74026  23273  74005  23282
 23292  74026  23282  74035
 43309  23292  74035  65585
 13819  58563  45576  51276
  3206  54676  34890  54290
 55664  74424  23399  23395
 74424  23400  74447  23399
 69427  72141  41242  22280
 74446  74447  23400  23397
 23402  74446  23397  74428
 74447  23399  74424  23400
 39707  28671  67520  39707
 74528  54434  45411  34890
 74628  55617  23449  23896
 74630  52666   7878  46106
 48615  52668   7832  46125
 39866  24767  73440  67905
 73440  67905  39866  24767
 46311  48615  46125  48363
 46125  48363  46311  48615
 60010  60012  33926  46594
 61650  69075  39788  46592
 59984  46653  59983  46666
 62595  62450  47446  47447
 19382  75270  53879  53878
  7103  75553  47391  53790
 47381  54777  40453  62214
 19270  47529  77022  68248
 60615  19364  51253  33272
 33350  47496  61069  52649
 46915  67052  39373  77556
 27293  59530  37274  54700
 54778  73515  47374  47250
 46943  46914  77511  77554
 36386  46222  77360  77331
 67190  62950  33057  33121
 75270   7242  51259  46721
 46402  35392  60617  54026
 42579  53343  29198  53231
 72496  46192  54156  28412
 76108  76107  46525  46523
 76107  39696  69783  46525
 17814  37979  69114  69116
 76192  46690  53840  46751
 60367  60471  32124  38546
 25698  52244   3933  76428
 25718  25698  76428  76470
  3933  76428  25698  52244
 56861  76436  27835  25667
 76436  25706  76483  27835
 76483  27835  76436  25706
 48166  25718  76470      3
 76470      3  48166  25718
 76533  76483  25706  25800
 25706  25800  76533  76483
 76559  48166      3  25792
 52168  76533  25800   2611
 25800   2611  52168  76533
 52171  76559  25792  25845
 76670  26822  60301  26803
 56205  65500  28000  26200
 76901  28000  65500  28420
 55130  76901  28420  28416
  7865  54147  26620  62318
 62318  63763  46284   7865
 28412  64480  19224  72496
 77022  68248  19270  47529
 63937  68247  47475  19288
 47529  47082  59531  77022
 32165  59843  31947  59655
 60617  54026  46402  35392
 59531  77022  47529  47082
 54489  19305  51220  46399
 77134  46402  54026  53997
 19364  77134  46422  51253
 59132  59263  30510  30462
 60228  69114  37979  39516
 47496   8759  53886  61069
 58843  59132  30462  30404
 37274  54700  27293  59530
 77247  77248  39604  46583
 36391  36386  77331  36391
 53878  26315  48928  19382
 46601  77247  46583  77296
 33325  46601  77296  69782
 77331  36391  36391  36386
 43348  27294  54701  77356
 54701  77356  43348  27294
 77360  77331  36386  46222
 43087  77360  46222  77408
 46750  76192  46751  77418
 46222  77408  43087  77360
 17295  46750  77418  50511
 77418  50511  17295  46750
 46751  77418  46750  76192
 53840  46751  76192  46690
 77425  53829  47445  51141
 77356  61855  34952  43348
 26590  43087  77408  77449
 77408  77449  26590  43087
 34952  43348  77356  61855
 33392  77503  88357  77443
 18037  26590  77449  65107
 77449  65107  18037  26590
 77554  46915  77556  46943
 39373  77556  46915  67052
 46995  77511  46914  46995
 61854  72484  34938  34951
 61206  67794  33689  33676
 66908  66948  21459  21444
  3428  48239   1755  48175
  6108  39435  53020  48299
 26977   6108  49463  49774
 39117  77808  77811  67416
 77808  77810  77813  77811
 77810  77812  62918  77813
 46690  33350  52649  53840
  7410  46311  48363  48494
 39516  39156  39156  60228
 33375  47232  58340  58341
 41982  53020  39435  50879
  7531  19375  53836  48982
 46363  33066  33066  75924
 69193  39817  61515  39875
 39874  69193  39875  69233
 21597  39170  53037  62911
 27378  21597  62911  62985
 39170  41804  59189  67619
 46471  48928  26315  53966
 78215  67438  80893  80895
 28671  78215  80895  67520
 48982   7567  53917   7531
 19642  36583  66207  66260
 49263  35600  63749   1604
 49247  49264  35599  35601
  5367  28184  49939  49301
 49347  49503   7150   6200
 49406  53578   7076  36739
 36740  49406  36739  49408
 20790    858  50446  50465
 57484  57474  13928  13941
 31433  60319  31743  49625
 47574  67291  39064  49482
  5512  23351  49506  49505
 15773  16198  59947  49579
 45668  51993   9714  59691
  1015  52277  31898  50602
 18507   7631  54136  54143
 78575  50939  23010  78576
 23659  78575  78576  23659
 33832  33543  33543  60996
  3464  56205  26200  56203
  3419   3420  56064  49702
 26771   3419  49702  49703
 49702  49703  26771   3419
 39950  25950  61370  49734
 26217  39793  69077  69078
 39823   6056  49740  61579
 49742  49740   6056  52986
  3453   3455  56202  49845
 68028  68066  27108  27120
 33733  49790  27062  61253
 27098  21798  68024  68048
 49816  61092  42158   6141
 27366  49816   6141  62918
 24601  55928  24491  55966
 49762  32945  49973   1954
 23395  50029  12848  55664
 39480  10126  64954  64955
 49301   9714  51993   5367
 50320  50357    774  28301
 38961  58933  30431  58931
 38940  38961  58931  58672
 50402  50446    858    826
 50446  50465  20790    858
 27151  24238  50490  50491
 50490  50491  27151  24238
 50493   9597  60469  41902
 50492  50493  41902  41883
 17702  33393  77482  50641
 31898  50602   1015  52277
 18542  31898  52277  52427
   959  18542  52427  52426
 50602  50624   2332   1015
 18333  17701  50638  50639
 50639  18334  50696  18333
 50694  50696  18334  18438
 18334  18438  50694  50696
 49939  49301   5367  28184
  9714  59691  45668  51993
 45692   9759  50854  67702
 19157  28648  62538  50853
 50860  50863  26158  50866
 33930  50860  41705  61404
 41742  33930  61404  50873
 50866  50867  41675  41705
 50869  61621  39796  26217
 42331  33983  61363  61440
 50877  41953  72616  41876
 50879  72616  41953  41982
 28613  51381  32387  51416
 33715  33718  61241  50893
 41631  42030  50894  50892
 50894  50892  41631  42030
 17432  50898   6479  50911
 32904  61018  32938  60883
 50975  23010  50939  23021
 50939  23021  50975  23010
 23021  23027  73179  50975
  7129    959  52426  51179
 45411  34890  74528  54434
 19262  45411  54434  51035
 34890  54290   3206  54676
 51035  19267  62898  19262
  7832  46125  48615  52668
  7878  46106  74630  52666
 46627  51108  32226  59999
 51119  18818  18818   7653
  6890  51118   6889  52375
 33307  75663   7589  53912
 52426  51179   7129    959
 52427  52426    959  18542
 51214  47446  62450  26650
 10082  30510  59263  59306
 60607  60608  32871  32585
 51258  51259   7242  19371
 13817  71756  32571  56599
 51416  25281  56785  28613
 32387  51416  28613  51381
 32139  51462  32456  58110
 51924  51960   2419   2406
  7567  28118  62295  53917
  2419   2406  51924  51960
 51969   2443  51999  13080
 51960  51969  13080   2419
 51993   5367  49301   9714
 51999  13080  51969   2443
 52020   3432  56177   2470
 26803  52038   3947  76670
  2502  26771  49703  52051
 52060   3835  52131  12431
 52116   2620  52170   2536
 52102  52116   2536   2552
  2611  52131   3835  52168
  2620  52171  25845  52170
  9350   7129  51179  51178
 18398  52366  18400  52343
  6889  52375   6890  51118
 52406  52423   2868   6894
  2876   2882  52455  52445
  2882  18777  64022  52455
 50453   2911  52484  18712
 48239  30593  48826   1755
 20867   2974  52541  52540
  2974  20863  20863  52541
  6056  52986  49742  49740
 49774  49767   6100  26977
 53063  54156  46192  19240
 53062  53063  19240  28277
 53238  61144    930  53240
 27360  53238  62947  62877
 53241  33576  72759  72783
 53240  53241  42180  39151
 51029  74528  54676  34880
 53578   9350  51178   7076
 80600  77529  75553   4419
 80598  80600   4419  80601
 80596  80598  80601  80599
 80594  80596  80599  80597
 47248  80594  80597  80595
 33367  61249  46950  57669
 62202  33367  57669  47381
 88357  77443  33392  77503
 77529  77425  33362  47391
 52170   2536  52116   2620
 25845  52170   2620  52171
 46721  53836  19375  53879
 53836  48982   7531  19375
 46525  46523  76108  76107
 53912  39604  77248  33307
 51173  33362  51141   7564
 40427  62295  28118  54491
 53920  53921  46106  46206
  8759  47445  53829  53886
  2536   2552  52102  52116
 39487  54614  60711  60712
 20050  20043  68880  54115
 34858  74630  53921  61763
 11459  11466  54128  54129
 11466   7627  54135  54128
 46284   7865  62318  63763
 54136  54143  18507   7631
 54147  31030  31030  26620
 61763  80893  67438  34858
 80893  80895  78215  67438
 80895  67520  28671  78215
 19267   6199  62596  62597
 39421  54224  28840  54242
 28840  54242  39421  54224
  7589  53912  33307  75663
 80795  80797  46299  80798
 80791  80795  80798  80796
 80787  80791  80796  80792
 80784  80787  80792  80788
 46523  80784  80788  76108
 54491  54489  46399  40427
 28118  54491  40427  62295
 54614  51173   7564   7673
 17044  32737  51375  70790
 30593  17044  70790  48826
 55202  24196  55292  24107
 31845  55192  46532  57659
 49613  55455   5470   5488
 55455  55495   5528   5470
 24197  24325  55798  55491
 55495   5542   5542   5528
 55629  39421  54242  17732
 55639  55642  11658  12830
 55616  55639  12830  11645
 11659  11664  11664  55658
 19323  19321  19321  62344
 55966  56029  24602  24601
 56029  56112  24881  24602
  3432   3428  48175  56177
 56177   2470  52020   3432
 56302  67810  23474  24937
 49408  20789  57321  36740
 44880  13928  57474  57466
 57466  66174  43670  44880
 57474  57466  44880  13928
 13941  65555  43051  57484
 58022  38921  66030  30009
 58110  13819  51276  32139
 32456  58110  32139  51462
 38921  38962  66029  66030
 42341  39671  61379  58321
 58673  38940  58672  30248
 58933  58843  30404  30431
 59263  59306  10082  30510
 59306  62656  42840  10082
 59523  34571  61039  45397
 59547  17688  50566  32939
 42840  10082  59306  62656
 10100  10095  59616  59614
 59616  59614  10100  10095
 10126  62280  39488  64954
 59691  60839  42288  45668
 10595  32409  66996  67026
 82954  59616  10095  82956
 82952  82954  82956  82955
 31913  82952  82955  31913
 32057  31874  68337  59835
 31932  32057  59835  59834
 31948  31947  59843  31948
 32571  56599  13817  71756
 59967  59962  32137  32140
 46675  59967  32140  59968
 32137  32140  59967  59962
 59962  33710  59958  32137
 59968  32154  75089  46675
 59976  51375  32737  32571
 51462  59976  71756  32456
 32154  32162  75094  75089
 35495  46627  59999  62587
 32226  59999  46627  51108
 39682  38203  61640  68969
 30529  35766  60093  60092
 60181  39866  67905  39883
 53231  17329  75942  42579
 29198  53231  42579  53343
 60302  26897  71444  26843
 26822  60302  26843  60301
 31829  46284  63763  68338
 64955  60294  39484  39480
 24186  69917  37811  71383
 60471  60493  32195  32124
 60571  60615  33272  32768
 60588  29381  67033  10598
 53342  60588  10598  29325
 60608  51220  19305  32871
 32663  60607  32585  32663
 60711  60712  39487  54614
 33121  60711   7673  67190
 33057  33121  67190  62950
 33424  33425  72875  72902
 60814  33424  72902  33654
 60839  60841  33430  42288
 33430  42288  60839  60841
 33977  33978  61438  60867
 32931  33440  60870  60868
 33440  33443  60863  60870
 33443  33441  60862  60863
 33441  33442  60865  60862
 33442  33977  60867  60865
 60868  60869  33444  32931
 60869  42270  60884  33444
 60883  60884  42270  32904
 60968  60969  33525  33522
 60969  60976  32926  33525
 60996  33833  61354  33832
 39696  33308  67588  69783
 32939  32940  61017  59547
 32940  32938  61018  61017
 61069  52649  33350  47496
 33606  72759  33576  61127
 67750  83480  72743  39238
 83480  42158  61092  72743
 33659  33641  61143  61154
 33642  72739  61158  61159
 61167  33659  61154  33674
 22297  69572  22295  69468
 41629  72714  42086  72433
 72714  33642  61159  42086
 33676  61207  42061  61206
 33689  33676  61206  67794
 33978  41629  72433  61438
 42061  61206  33676  61207
 33710  42061  61207  59958
 61241  50893  33715  33718
 68017  41631  50892  61432
 68019  68017  42068  39289
 68018  68019  39289  39315
 61087  61374  40000  25775
 47301  58340  47232  63279
 61328  61331  33807  33804
 61331  61333  33812  33807
 33827  33828  61348  61349
 61324  33716  59604  33680
 61319  61451  33951  47396
 49734  25990  69358  39950
 39934  39872  69234  69263
 41653  69191  50863  41653
 61515  39875  69193  39817
 80595  61581  46135  47248
 80597  80595  47248  80594
 80599  80597  80594  80596
 80601  80599  80596  80598
  4419  80601  80598  80600
 68969  68916  39681  39682
 61640  68969  39682  38203
 32585  32663  32663  60607
 20019  19986  61867  61868
 34951  34952  61855  61854
 47404  62202  62214  62241
 62217  26718  62261  26671
 62252  68266  21872  39463
 59614  72476  26993  10100
 62418  62401  38088  35455
 19224  72496  28412  64480
 39731  62538  28648  67552
 27055  62529  27053  62487
 62565  39570  62564  38274
 21807  27098  68048  62626
 68066  21807  62626  27108
 27108  27120  68028  68066
 62656  29604  69666  42840
 42068  39289  68019  68017
 41916  42068  61432  61430
 21640  67546  39157  67644
 39187  39211  49808  62892
 62872  39187  62892  27336
 62876  62947  39151  39169
 62898  19262  51035  19267
 47447  62898  62597  62595
 33393  33392  77443  77482
 62911  62985  27378  21597
 77812  27391  27391  27366
 77811  67416  39117  77808
 77813  77811  77808  77810
 62918  77813  77810  77812
 67334  39064  67291  39091
 39090  67334  39091  67375
 63102  49308  35798  35961
 35804  35802  63109  63108
 35802  63104  18684  63109
 35996  36001  63163  63158
 63154  35996  63158  35826
 84384  63152  35825  84386
 36003  84384  84386  84385
 63178  52347  18382  18793
 50854  67702  45692   9759
 63298  49881  38875  41703
 71288  19793  63769  27756
 62538  50853  19157  28648
 19793  18709  63770  63769
 31325  20441  59173  64017
 36012  31325  64017  64018
 26315  53966  46471  48928
 63705  63717  37090  37078
 63720  18688  63738  18680
 63717  35599  49264  37090
 35600  30342  66469  63749
 63763  68338  31829  46284
 52501  18714  63787  18713
 22909  63800  20828  63799
 63800  20832  63834  20828
 37192  68138  37193  63885
 63885  63883  35618  37192
 37193  63885  37192  68138
 63909  62596   6199   8463
 19288  40348  63936  63937
 84386  84385  36003  84384
 35825  84386  84384  63152
 84385  36004  63965  36003
 36001  63956  36007  63163
 36004  36008  64002  63965
 63956  36018  63976  36007
 36008  36012  64018  64002
 18777  18778  64023  64022
 64013  63976  36018  36021
 36021  18782  64036  64013
 36018  36021  64013  63976
 64018  64002  36008  36012
 64017  64018  36012  31325
 20886  20881  64038  64039
 64036  64013  36021  18782
 18790  63178  18793  64049
 20443  18790  64049  59174
 64049  59174  20443  18790
 20889  64054  20896  64040
 64082  64081  20447  18796
 18382  18793  63178  52347
 76623  53062  28277  13420
 72476  76623  13420  26993
 18818   7653  51119  18818
 46135  47248  80595  61581
 48494  46135  61581   7410
 48363  48494   7410  46311
 50319  30385  50230    674
 31753  39488  62280  31753
 54156  28412  72496  46192
 20043  20039  68833  68880
 62280  31753  31753  39488
 64954  64955  39480  10126
 41813  39493  60623  67250
 36362  66468  34173  65001
 36396  36393  65042  65043
 65041  37193  68138  36395
 51615  50230  30385  31442
 65555  38199  66053  43051
  1569  65575  23121   1569
 23905  22545  69879  23905
 30009  42871  51323  58022
 66232  66267  38508  38397
 66267  28425  53076  38508
 65043  65041  36395  36396
 66326  38596  66360  38577
 38596  38621  66375  66360
 43701  43704  66683  66681
 43704  66685  28050  66683
 66681  66682  44950  43701
 66685  66779  38834  28050
 66715  38827  66786  38812
 66628  66715  38812  38795
 66786  38812  66715  38827
 41926  69666  29604  59841
 66907  66908  21444  23032
 66996  67026  10595  32409
 67033  10598  60588  29381
 67026  67033  29381  10595
 67052  39374  50512  39373
 18714  19810  67124  63787
 39484  39480  64955  60294
 67250  39487  60712  41813
 47394  61714  47476  74963
 67375  67376  39107  39090
  6141  62918  27366  49816
 63022  39157  67546  27470
 67588  69783  39696  33308
 67587  67588  33308  39731
 77296  69782  33325  46601
 19846  67607  27281  67654
 19842  19846  67654  67655
 39157  67644  21640  67546
 21626  21638  67657  67658
 67654  67655  19842  19846
 67657  67658  21626  21638
 67658  27281  67607  21626
 39227  39235  67692  64087
 67655  64023  18778  19842
 86217  67657  21638  67680
 65575  86217  67680  23121
 67689  67688  21668  21639
 86273  21697  21697  86272
 67688  86273  86272  21668
 67794  67750  39238  33689
 80788  76108  46523  80784
 80792  80788  80784  80787
 80796  80792  80787  80791
 80798  80796  80791  80795
 46299  80798  80795  80797
 27187  19858  19858  62694
 39315  39323  68023  68018
 21795  68040  21805  68011
 39323  68024  21798  68023
 68024  68048  27098  21798
 68048  62626  21807  27098
 49463  49774  26977   6108
 54290  34938  72484   3206
 68206  21886  68224  21867
 68248  47475  68247  19270
 68266  68224  21886  21872
 40347  63936  40348  40347
 62139  49506  23351  21990
 20039  20031  68812  68833
 68880  54115  20050  20043
 69075  39789  52981  39788
 69116  39543  67397  17814
 69114  69116  17814  37979
 39793  61515  39817  69077
 26210  69150  39824  49741
 39872  39874  69233  69234
 58341  47153  47153  33375
 69233  69234  39872  39874
 69648  22428  69652  69741
 22428  69582  22371  69652
 69666  42840  62656  29604
 69673  69648  22466  22465
 46583  77296  46601  77247
 22492  22493  69800  69847
 69797  74628  23896  23894
 69847  69846  22518  22492
 19240  28277  53062  53063
 69846  69879  22545  22518
 37811  71383  24186  69917
 66971  70018  37262  41611
  8463  40350  54180  63909
 51375  70790  17044  32737
 62585  35479  62570  38227
 68214  71288  27756  20386
 22908  22909  63799  71347
 41703  22908  71347  63298
 71383  38095  56073  24186
 69917  13797  55193  37811
 71444  26843  60302  26897
 26955  71444  26897  70683
 52051  52063   2519   2502
 64081  20452  71642  20447
 41638  41916  61430  61431
 71644  64113  20454  20453
 67520  39707  39707  28671
 72433  61438  33978  41629
 39817  69077  39793  61515
 33836  61341  33820  61351
 39435  50879  41982  53020
 61159  42086  72714  33642
 61430  61431  41638  41916
 72739  27360  62877  42122
 72759  72783  53241  33576
 72902  33654  60814  33424
 50465  23949  49410  20790
 44944  44950  66682  72961
 78576  23659  23659  78575
 23010  78576  78575  50939
 23032  23051  23051  66907
 73232  73179  23027  23036
 73244  73232  23036  23046
 23053  73244  23046  73246
 73246  73263  23069  23053
 23046  73246  23053  73244
 66948  23059  66969  21459
 23059  23068  73272  66969
 23068  23075  73285  73272
 73263  73290  23084  23069
 23082  73285  23075  73300
 23109  23084  73290  73317
 73317  71278  23108  23109
 23121   1569   1569  65575
 62344  51214  26650  19323
 23282  74035  23292  74026
 74035  65585  43309  23292
 39644  43309  65585  65584
 23400  23397  74446  74447
 74428  23398  69360  23402
 23397  74428  23402  74446
 34880  60181  39883  51029
 62597  62595  47447  62898
 23896  23894  69797  74628
 23449  23896  74628  55617
 47476  74963  47394  61714
 61581   7410  48494  46135
 46206  74779    433  53920
 74779  47476  61714    433
 46106  46206  53920  53921
 75026  35498  60002  32233
 46594  75026  32233  60010
 75094  75089  32154  32162
 46666  75094  32162  59984
 75089  46675  59968  32154
 72875  72902  33424  33425
 75553   4419  80600  77529
 62214  62241  47404  62202
 40453  62214  47381  54777
 75663  46363  75924   7589
 47391  53790   7103  75553
 53790  53789   7248   7103
 46914  46995  46995  77511
 75942  42579  53231  17329
 62950  75942  17329  33057
 76428  76470  25718  25698
  3947  76670  26803  52038
 26993  10100  59614  72476
 13420  26993  72476  76623
 33066  75924  46363  33066
 80797  19224  64480  46299
 75924   7589  75663  46363
 37979  39516  60228  69114
 77248  33307  53912  39604
 53917   7531  48982   7567
 77482  50641  17702  33393
 77443  77482  33393  33392
 77503   7248  53789  88357
 53789  88357  77503   7248
 77511  77554  46943  46914
 77556  46943  77554  46915
 61249  47024  47024  46950
 86272  21668  67688  86273
 21697  86272  86273  21697
 82955  31913  31913  82952
 82956  82955  82952  82954
 10095  82956  82954  59616
 88786  89309  93394  88786
 89183  88918  93073  91495
 91495  88922  93085  89183
 88561  88568  91536  91531
 88568  88571  91541  91536
 88581  88578  91549  91553
 88578  88576  91542  91549
 91549  91553  88581  88578
 88918  88657  91560  93073
 88651  88581  91608  91609
 91603  88649  95818  88642
 91605  91603  88642  88646
 91607  91608  91553  88655
 91608  91609  88651  88581
 91614  88890  88890  88647
 91609  91605  88646  88651
 92190  92189  88603  88930
 93073  91495  89183  88918
 93097  93085  88922  89182
 93219  92190  88930  89179
 91560  93073  88918  88657
 93394  88786  88786  89309
 88657  91607  88655  91560
 88930  89179  93219  92190
 95707  95708  88554  95709
 88554  95709  95707  95708
 91531  88554  95708  88561
 91536  91531  88561  88568
 95708  88561  91531  88554
 91541  91536  88568  88571
 88576  91541  88571  91542
 88571  91542  88576  91541
 91542  91549  88578  88576
 88655  91560  88657  91607
 91553  88655  91607  91608
 88642  88646  91605  91603
 88646  88651  91609  91605
 88649  95817  95819  95818
 95817  91614  88647  95819
 95818  88642  91603  88649
 95819  95818  88649  95817
 88647  95819  95817  91614
 89182  88603  92189  93097
 88922  89182  93097  93085
 92189  93097  89182  88603
 88890  88647  91614  88890
 97456  93310  89302  97455
 89309  97456  97455  93394
 88603  88930  92190  92189
 93085  89183  91495  88922
 89179  89302  93310  93219
 93310  93219  89179  89302
 97455  93394  89309  97456
 89302  97455  97456  93310
103643  48030  30895 104697
 47891 103621  78243  21653
103621  46439  47701  78243
 46439   4732  47683  47701
  4732 103528  77947  47683
103528  30914  47685  77947
 30914  47999  36298  47685
 47999  47998  36283  36298
 47998  47997  36284  36283
 47997  36271  47753  36284
 36271 103572  85058  47753
103572 103573  85059  85058
103573 103574  85056  85059
103574  47996  36268  85056
 47996  47995  36261  36268
 47995  47994  36255  36261
 47994  47993  36246  36255
 47993  47992  36240  36246
 47992  47991  36547  36240
 47991  47990  36231  36547
 47990  47988  36225  36231
 47988 103571  85032  36225
103571  47987  36222  85032
 47987  47949  35907  36222
 47949  47948  35906  35907
 47948  47947  36214  35906
 47947 103570  84469  36214
103570  47945  36205  84469
 47945 103632  84468  36205
103632  18972  47946  84468
 18972  47986  18966  47946
 47986 103541  84994  18966
103541  47985  18951  84994
 47985  47983  18952  18951
 47983  47982  18928  18952
 47982  18929  47984  18928
 18929  20538  47710  47984
 20538  48074  20536  47710
 48074  48073  20529  20536
 48073  48072  20526  20529
 48072  48051  20522  20526
 48051  19974  47980  20522
 19974  47944  16843  47980
 47944  47806  18444  16843
 47806 103624  78522  18444
103624   7609  47728  78522
  7609   7618  47808  47728
  7618  47979  18858  47808
 47979  47810  19933  18858
 47810  48050  19934  19933
 48050  47741  19930  19934
 47741  26927  47740  19930
 26927  48049  19907  47740
 48049  48047  19901  19907
 48047  47976  19900  19901
 47976  19897  48048  19900
 19897  42630  47730  48048
 42630  18833  47729  47730
 18833 103540  84894  47729
103540  47975  19881  84894
 47975  19874  47811  19881
 19874  19864  47974  47811
 19864  48045  19865  47974
 48045  48043  19861  19865
 48043  47925  19863  19861
 47925  47929  27194  19863
 47929  27193  47924  27194
 27193  48036  27185  47924
 48036  39276  47922  27185
 39276  21695  47923  47922
 21695  27202  47928  47923
 27202  21716  47927  47928
 21716  21717  48037  47927
 21717  23154  48039  48037
 23154  48086  23155  48039
 48086  23156  48087  23155
 23156  48088  23161  48087
 48088  48089  23166  23161
 48089  48017  23174  23166
 48017  39291  48016  23174
 39291  48040  39292  48016
 48040  48041  39278  39292
 48041  39284  47921  39278
 39284  39279  48042  47921
 39279  39263  47926  48042
 39263  48035  39230  47926
 48035  39221  47742  39230
 39221  39223  47930  47742
 39223  47799  39192  47930
 47799  27427  47931  39192
 27427  48034  36668  47931
 48034  48031  36658  36668
 48031  48032  36650  36658
 48032  48033  36651  36650
 48033  47972  36644  36651
 47972  35992  47957  36644
 35992  47964  36637  47957
 47964  47963  31666  36637
 47963  47364  47965  31666
 47364  47152  47790  47965
 47152  34981  47721  47790
 34981  36621  47722  47721
 36621  48028  36617  47722
 48028  36613  48029  36617
 36613  48026  36606  48029
 48026  48025  21484  36606
 48025  47746  27963  21484
 47746 103559  85689  27963
103559  47962  28017  85689
 47962  48023  21389  28017
 48023  48022  21376  21389
 48022  48015  21339  21376
 48015  23009  47767  21339
 23009  47766   1412  47767
 47766  47765   1402   1412
 47765  47734   1388   1402
 47734  23001  47733   1388
 23001  47763  47597  47733
 47763  47762  23002  47597
 47762  47598  48097  23002
 47598  47758   1307  48097
 47758 103626  88384   1307
  1291 103999 106690  91017
103999 103499 102741 106690
104000   1291  48098 105327
103626 104000 105327  88384
103499 103500 102200 102741
103500 103501 102097 102200
103501 103502 102165 102097
103502 103503  99421 102165
103503 103504  99482  99421
103504 103505  99368  99482
103505 103506  99365  99368
103506 103507  99311  99365
103507 103508  99362  99311
103508 103509  99263  99362
103509 103510  99310  99263
103510 103511  99223  99310
103511 103512  99220  99223
103512 103513  99090  99220
103513 103514  99150  99090
103514 103515  99184  99150
103515 103516  99168  99184
103516 103517  99134  99168
103517 103518  99124  99134
103518 103519  98653  99124
103519 103520  98670  98653
103520 103521  98643  98670
103521 103522  98640  98643
103522 103523  95716  98640
103523 103524  95714  95716
103524 103525  95713  95714
103525  47648  91016  95713
 47648  47760  88549  91016
 47760  22902  91015  91518
 22902   1342  91018  91015
  1342  47744  88679  91018
 47744  47751  88580  88679
 47751   1401  91019  88580
  1401   1416  91020  91019
  1416  28131  91007  91020
 28131  19686  91126  91007
 19686  47966  89008  91126
 47966  28030  91014  89008
 28030  47953  89180  91014
 47953  19778  91013  89180
 19778  47950  89301  91013
 47950  47646  91162  89301
 47646  36620  91129  91162
 36620  36625  91130  91129
 36625   7258  91004  91130
  7258  47754  88797  91004
 47754  48046  89297  88797
 48046  47971  89295  89297
 47971  47955  89306  89295
 47955 103543  97590  89306
103543  47970  88950  97590
 47970 103539  97583  88950
103539  47969  88903  97583
 47969  84671 103538  88903
 84671  47940  88902 103538
 47940  47939  88881  88902
 47939  47938  88880  88881
 47938  18706  91067  88880
 18706  47937  88875  91067
 47937  18690  91066  88875
 18690  20353  91073  91066
 20353  87046 103547  91073
 87046  20349  91072 103547
 20349  85614 103546  91072
 85614  19737  91071 103546
 19737  47792  88925  91071
 47792   6625  91023  88925
  6625   2953  91022  91023
  2953   2954  91006  91022
  2954  47759  88615  91006
 47759  79392 103527  88615
 79392  47757  88611 103527
 47757  47731  88610  88611
 47731   3794  91012  88610
  3794  18635  91024  91012
 18635  18636  91008  91024
 18636  18629  91070  91008
 18629  48019  89195  91070
 48019  19648  91090  89195
 19648  43106  91125  91090
 43106  48084  90526  91125
 48084  47708  88830  90526
 47708  48085  90527  88830
 48085  47885  90528  90527
 47885  48014  89163  90528
 48014  23052  91002  89163
 23052  10773  91000  91002
 10773  47791  89014  91000
 47791  47716  89018  89014
 47716  10886  91025  89018
 10886  47715  90830  91025
 47715  47830  90835  90830
 47830  47839  90535  90835
 47839  43133  91036  90535
 43133  47920  90536  91036
 47920  38131  91063  90536
 38131  38128  91064  91063
 38128  48070  89269  91064
 48070  35502  91065  89269
 35502  47705  89089  91065
 47705  47829  90538  89089
 47829  47699  88730  90538
 47699  47700  88728  88730
 47700   4393  90997  88728
  4393  38658  90994  90997
 38658  85484 103583  90994
 85484  38670  90998 103583
 38670  48020  89973  90998
 48020  48021  89976  89973
 48021  47747  89977  89976
 47747  47736  89190  89977
 47736  41501  91051  89190
 41501   1597  91010  91051
  1597  48071  89013  91010
 48071  41444  91050  89013
 41444  41434  91049  91050
 41434  47871  90184  91049
 47871  41487  91048  90184
 41487  47735  90186  91048
 47735  41544  91009  90186
 41544  41585  91047  91009
 41585  41576  91149  91047
 41576  87038 103595  91149
 87038  41606  91150 103595
 41606  41621  91151  91150
 41621  41633  91152  91151
 41633  87051 103596  91152
 87051  41643  91153 103596
 41643  87052 103597  91153
 87052  47968  90219 103597
 47968  84669 103634  90219
 84669  37151  91074 103634
 37151  84672 103575  91074
 84672  37157  91075 103575
 37157  37168  91076  91075
 37168  37177  91077  91076
 37177  37186  91079  91077
 37186  47897  89265  91079
 47897  47899  89322  89265
 47899  47898  89266  89322
 47898  47900  89327  89266
 47900  47973  89328  89327
 47973  37226  91080  89328
 37226  37245  91081  91080
 37245  37251  91082  91081
 37251  37276  91083  91082
 37276  37294  91084  91083
 37294  37303  91085  91084
 37303  37326  91086  91085
 37326  37339  91087  91086
 37339  37355  91088  91087
 37355  84896 103576  91088
 84896  37374  91089 103576
 37374  37381  91091  91089
 37381  47977  89415  91091
 47977  47978  89416  89415
 47978  21877  91092  89416
 21877  21900  91093  91092
 21900  47918  89015  91093
 47918  21913  91131  89015
 21913  21969  91132  91131
 21969 103551  99924  91132
103551  47919  89971  99924
 47919  21998  91001  89971
 21998  86550 103552  91001
 86550  47981  89017 103552
 47981  84967 103635  89017
 84967  42243  91133 103635
 42243  39575  91068  91133
 39575  39584  91135  91068
 39584  39591  91094  91135
 39591  86605 103584  91094
 86605  39621  91095 103584
 39621  86628 103577  91095
 86628  47958  89543 103577
 47958  84547 103633  89543
 84547  39722  91096 103633
 39722  39760  91097  91096
 39760  39858  91098  91097
 39858  39914  91099  91098
 39914  39943  91100  91099
 39943  47989  89595  91100
 47989  37583  91101  89595
 37583  37584  91102  91101
 37584  37595  91103  91102
 37595  40037  91104  91103
 40037  37602  91105  91104
 37602  37607  91106  91105
 37607  37609  91107  91106
 37609  37611  91108  91107
 37611  85061 103578  91108
 85061  40057  91109 103578
 40057  40066  91110  91109
 40066  40088  91111  91110
 40088  47959  89994  91111
 47959  47960  89695  89994
 47960  37630  91112  89695
 37630  30891  91113  91112
 30891  37636  91115  91113
 37636  37639  91116  91115
 37639  85084 103580  91116
 85084  37643  91117 103580
 37643  37647  91118  91117
 37647  37655  91119  91118
 37655  37657  91120  91119
 37657  85852 103581  91120
 85852  37669  91121 103581
 37669  85851 103582  91121
 85851  37675  91122 103582
 37675  47704  88590  91122
 47704  47702  88589  88590
 47702  48004  88596  88589
 48004  48005  89807  88596
 48005  48027  89823  89807
 48027  48006  89826  89823
 48006  48007  89848  89826
 48007  37704  91123  89848
 37704  47961  89869  91123
 47961  40713  91069  89869
 40713  40736  91136  91069
 40736  40759  91137  91136
 40759  40782  91138  91137
 40782  40808  91139  91138
 40808  40825  91140  91139
 40825  40835  91141  91140
 40835  40841  91142  91141
 40841  40843  91143  91142
 40843  47886  89028  91143
 47886  82995 103631  89028
 82995  22802  91144 103631
 22802  22807  91146  91144
 22807  86963 103553  91146
 86963  22818  91145 103553
 22818  47712  89035  91145
 47712  47707  89034  89035
 47707  47709  89040  89034
 47709  47706  89043  89040
 47706  78280 103587  89043
 78280  78282 103586 103587
 78282  78283 103585 103586
 78283  47713  89993 103585
 47713  22861  91148  89993
 22861  22860  91147  91148
 22860  47725  90918  91147
 47725  47802  89299  90918
 47802  22890  91134  89299
 22890  22901  91026  91134
 22901  86983 103555  91026
 86983  48069  89046 103555
 48069  86982 103554  89046
 86982  48068  89041 103554
 48068  47882  89023  89041
 47882  48067  90172  89023
 48067  40859  91052  90172
 40859  29158  91124  91052
 29158  47826  90585  91124
 47826 103629  95942  90585
103629  43658  91027  95942
 43658  43649  91028  91027
 43649  43650  91029  91028
 43650  43644  91030  91029
 43644  43638  91031  91030
 43638  43639  91032  91031
 43639  47827  90546  91032
 47827  47828  90547  90546
 47828  43628  91033  90547
 43628  48091  90544  91033
 48091  43621  91034  90544
 43621  47737  90542  91034
 47737  47888  90114  90542
 47888  47889  90095  90114
 47889  47890  90088  90095
 47890  40742  91054  90088
 40742  47796  90054  91054
 47796  80451 103557  90054
 80451  47892  89156 103557
 47892  47893  90515  89156
 47893  24375  91003  90515
 24375  48083  90502  91003
 48083  42940  91039  90502
 42940  82122 103603  91039
 82122  42922  91040 103603
 42922  87314 103601  91040
 87314  14168  91041 103601
 14168  47848  88834  91041
 47848  48081  90477  88834
 48081  48080  90473  90477
 48080  48003  90465  90473
 48003 103579  98323  90465
103579  48002  89713  98323
 48002  85076 103637  89713
 85076 103636 103300 103637
104698  30895  91161 107162
103636 104698 107162 103300
 30895 104697 103643  48030
104697  19115  48001 103643
 19115  36700  47719  48001
 36700  42809  48000  47719
 42809  42798  48079  48000
 42798  48078  42797  48079
 48078  48077  42785  42797
 48077 103600  87261  42785
103600  87262 103599  87261
 87262  47850  42773 103599
 47850 103598  87254  42773
103598  47849  42772  87254
 47849  42756  47851  42772
 42756  42741  47852  47851
 42741  14547  47723  47852
 14547  14556  48076  47723
 14556  47714  44864  48076
 47714  44207  48066  44864
 44207  44215  48065  48066
 44215  44206  48064  48065
 44206  44214  48062  48064
 44214  44213  48063  48062
 44213  47698  44212  48063
 47698  47694   5498  44212
 47694   5305  47688   5498
  5305   5307  47687  47688
  5307  47691  23148  47687
 47691  78050 103620  23148
 78050  43379  47695 103620
 43379  43378  47697  47695
 43378  48090  43376  47697
 48090  87762 103607  43376
 87762  48061  43372 103607
 48061  48060  22602  43372
 48060  48059  22588  22602
 48059  48058  20188  22588
 48058 103545  86810  20188
103545  48057  20175  86810
 48057  86804 103544  20175
 86804  48056  20160 103544
 48056  48055  18056  20160
 48055  48054  18054  18056
 48054  48053  18051  18054
 48053  47804  18050  18051
 47804  47787  30060  18050
 47787  30103  47788  30060
 30103 103562  79968  47788
103562  30160  47786  79968
 30160  47838  30175  47786
 47838 103628  79919  30175
103628  30196  47785  79919
 30196 103563  79898  47785
103563   8464  47784  79898
  8464   8475  47739  47784
  8475  45450  47855  47739
 45450   8562  47856  47855
  8562  13216  47857  47856
 13216  15162  47858  47857
 15162  47783  30306  47858
 47783  47781   8724  30306
 47781  47782  30388   8724
 47782 103564  82452  30388
103564 103565  82453  82452
103565 103566  82450  82453
103566  47780  30463  82450
 47780  30501  47779  30463
 30501 103567  83412  47779
103567  47777  30590  83412
 47777  30623  47778  30590
 30623 103561  86624  47778
103561  47717  29287  86624
 47717  14208  47738  29287
 14208 103532  78385  47738
103532 103533  78386  78385
103533 103534  78387  78386
103534  36033  47718  78387
 36033  15688  47711  47718
 15688  47755  36071  47711
 47755 103569  86915  36071
103569  47933  36117  86915
 47933  47703  17193  36117
 47703 103622  84268  17193
103622   4894  47932  84268
  4894   4863  47686  47932
  4863   1128  47684  47686
  1128   3593  47692  47684
  3593  47693   4557  47692
 47693  16958  47690   4557
 16958  47860  16956  47690
 47860   8762  47859  16956
  8762   8770  47861  47859
  8770   8784  47862  47861
  8784  32281  47863  47862
 32281   8847  47864  47863
  8847   8859  47865  47864
  8859   8880  47866  47865
  8880  47803   8894  47866
 47803  47773   8893   8894
 47773  17414  47793   8893
 17414  47943  32408  47793
 47943  32402  47942  32408
 32402  18439  47941  47942
 18439  32417  48052  47941
 32417  48013  19331  48052
 48013  85271 103639  19331
 85271  19319  48012 103639
 19319  85382 103542  48012
 85382  48011  19318 103542
 48011  48009  19314  19318
 48009  85264 103638  19314
 85264  29778  48008 103638
 29778  48010  29764  48008
 48010  17613  47748  29764
 17613  85381 103536  47748
 85381  47770  29743 103536
 47770   6643  47749  29743
  6643  47750   8168  47749
 47750  47801   8922   8168
 47801  47752   7351   8922
 47752  47867   8946   7351
 47867  47775  35123   8946
 47775  79653 103627  35123
 79653   8991  47868 103627
  8991  47798   9011  47868
 47798  47797   9024   9011
 47797  17627  48018   9024
 17627  85368 103537  48018
 85368  47727  29721 103537
 47727  78506 103605  29721
 78506  47794  43336 103605
 47794   7118  47771  43336
  7118  80427 103529  47771
 80427  47795   7101 103529
 47795  80428 103606   7101
 80428  47869  43349 103606
 47869  82544 103623  43349
 82544   9057  47726 103623
  9057  82119 103530  47726
 82119  15590  47847 103530
 15590   9077  47846  47847
  9077  15589  47845  47846
 15589  27726  47883  47845
 27726  47724  27731  47883
 47724  47876  28408  27731
 47876  82935 103535  28408
 82935  47817  15463 103535
 47817  11225  47835  15463
 11225  47814  28421  47835
 47814  28422  47813  28421
 28422 103560  81175  47813
103560  22842  47815  81175
 22842  23466  47812  47815
 23466  47822  23606  47812
 47822  24054  47821  23606
 24054  23982  47820  47821
 23982  23981  47819  47820
 23981  24101  47818  47819
 24101  41598  47823  47818
 41598  47905  33999  47823
 47905  47825  33998  33999
 47825  24307  47824  33998
 24307  24355  47831  47824
 24355  24438  47832  47831
 24438  24523  47833  47832
 24523  24471  47834  47833
 24471  21271  47875  47834
 21271  47837  23231  47875
 47837 103630  81647  23231
103630  22778  47836  81647
 22778  47776  28363  47836
 47776  30736  47816  28363
 30736  26538  47841  47816
 26538  26532  47843  47841
 26532  26799  47842  47843
 26799  26798  47844  47842
 26798  27519  47840  47844
 27519  27704  47853  47840
 27704  27986  47854  47853
 27986  34064  47910  47854
 34064  34799  47909  47910
 34799  34796  47913  47909
 34796  47756  41255  47913
 47756 103593  87208  41255
103593  47689  41259  87208
 47689  47915  41264  41259
 47915  41323  47908  41264
 41323  41270  47912  47908
 41270 103594  83676  47912
103594  34063  47911  83676
 34063  34062  47907  47911
 34062  34061  47906  47907
 34061  47874  34055  47906
 47874   8580  47789  34055
  8580  34066  47873  47789
 34066  47916  41245  47873
 47916  41217  47914  41245
 41217  48092  46910  47914
 48092  31919  47881  46910
 31919  31917  47880  47881
 31917  47879  31916  47880
 47879  31910  47878  31916
 31910  82968 103568  47878
 82968  31915  47877 103568
 31915  47872  30985  47877
 47872  47887  31027  30985
 47887  31165  47884  31027
 31165  48093  31136  47884
 48093  48075  47516  31136
 48075  33480  47917  47516
 33480  44903  47720  47917
 44903   7825  47809  47720
  7825  46301  47807  47809
 46301  47696  28333  47807
 47696  47805  19231  28333
 47805  19230  48096  19231
 19230  48095  33091  48096
 48095  47768  46416  33091
 47768  39887  47769  46416
 39887  48044  39886  47769
 48044  48038  39867  39886
 48038  47895  33225  39867
 47895  33263  47894  33225
 33263  33269  47896  47894
 33269  48094  33303  47896
 48094  33310  47902  33303
 33310  47774  10445  47902
 47774  47870  47066  10445
 47870  33420  47772  47066
 33420  47764  42313  47772
 47764  47901  42308  42313
 47901  48082  33421  42308
 48082  47904  42130  33421
 47904  47903  42148  42130
 47903  47934  42182  42148
 47934  47800  72778  42182
 47800  47743  39050     77
 47743  39035  47935  39050
 39035  38992  47936  47935
 38992  47952  38941  47936
 47952  38898  47951  38941
 38898  38879  47954  47951
 38879  21416  47956  47954
 21416  21354  48024  47956
 21354 103550  84662  48024
103550  21308  47967  84662
 21308  21298  47732  47967
 21298 103548  79407  47732
103548  88385 103549  79407
 88385   1320  47761 103549
  1320   1310  47745  47761
  1310  79379 103526  47745
 48098 105327 104000   1291
105327  88384 103626 104000
105328  48098  91017 106017
 79379 105328 106017 103526
 88384   1307  47758 103626
  1307  48097  47598  47758
 48097  23002  47762  47598
 23002  47597  47763  47762
 47597  47733  23001  47763
 47733   1388  47734  23001
  1388   1402  47765  47734
  1402   1412  47766  47765
  1412  47767  23009  47766
 47767  21339  48015  23009
 21339  21376  48022  48015
 21376  21389  48023  48022
 21389  28017  47962  48023
 28017  85689 103559  47962
 85689  27963  47746 103559
 27963  21484  48025  47746
 21484  36606  48026  48025
 36606  48029  36613  48026
 48029  36617  48028  36613
 36617  47722  36621  48028
 47722  47721  34981  36621
 47721  47790  47152  34981
 47790  47965  47364  47152
 47965  31666  47963  47364
 31666  36637  47964  47963
 36637  47957  35992  47964
 47957  36644  47972  35992
 36644  36651  48033  47972
 36651  36650  48032  48033
 36650  36658  48031  48032
 36658  36668  48034  48031
 36668  47931  27427  48034
 47931  39192  47799  27427
 39192  47930  39223  47799
 47930  47742  39221  39223
 47742  39230  48035  39221
 39230  47926  39263  48035
 47926  48042  39279  39263
 48042  47921  39284  39279
 47921  39278  48041  39284
 39278  39292  48040  48041
 39292  48016  39291  48040
 48016  23174  48017  39291
 23174  23166  48089  48017
 23166  23161  48088  48089
 23161  48087  23156  48088
 48087  23155  48086  23156
 23155  48039  23154  48086
 48039  48037  21717  23154
 48037  47927  21716  21717
 47927  47928  27202  21716
 47928  47923  21695  27202
 47923  47922  39276  21695
 47922  27185  48036  39276
 27185  47924  27193  48036
 47924  27194  47929  27193
 27194  19863  47925  47929
 19863  19861  48043  47925
 19861  19865  48045  48043
 19865  47974  19864  48045
 47974  47811  19874  19864
 47811  19881  47975  19874
 19881  84894 103540  47975
 84894  47729  18833 103540
 47729  47730  42630  18833
 47730  48048  19897  42630
 48048  19900  47976  19897
 19900  19901  48047  47976
 19901  19907  48049  48047
 19907  47740  26927  48049
 47740  19930  47741  26927
 19930  19934  48050  47741
 19934  19933  47810  48050
 19933  18858  47979  47810
 18858  47808   7618  47979
 47808  47728   7609   7618
 47728  78522 103624   7609
 78522  18444  47806 103624
 18444  16843  47944  47806
 16843  47980  19974  47944
 47980  20522  48051  19974
 20522  20526  48072  48051
 20526  20529  48073  48072
 20529  20536  48074  48073
 20536  47710  20538  48074
 47710  47984  18929  20538
 47984  18928  47982  18929
 18928  18952  47983  47982
 18952  18951  47985  47983
 18951  84994 103541  47985
 84994  18966  47986 103541
 18966  47946  18972  47986
 47946  84468 103632  18972
 84468  36205  47945 103632
 36205  84469 103570  47945
 84469  36214  47947 103570
 36214  35906  47948  47947
 35906  35907  47949  47948
 35907  36222  47987  47949
 36222  85032 103571  47987
 85032  36225  47988 103571
 36225  36231  47990  47988
 36231  36547  47991  47990
 36547  36240  47992  47991
 36240  36246  47993  47992
 36246  36255  47994  47993
 36255  36261  47995  47994
 36261  36268  47996  47995
 36268  85056 103574  47996
 85056  85059 103573 103574
 85059  85058 103572 103573
 85058  47753  36271 103572
 47753  36284  47997  36271
 36284  36283  47998  47997
 36283  36298  47999  47998
 36298  47685  30914  47999
 47685  77947 103528  30914
 77947  47683   4732 103528
 47683  47701  46439   4732
 47701  78243 103621  46439
 78243  21653  47891 103621
105654  91161  48030 106689
 21653 105654 106689  47891
 91017 106017 105328  48098
106017 103526  79379 105328
103526  47745   1310  79379
 47745  47761   1320   1310
 47761 103549  88385   1320
103549  79407 103548  88385
 79407  47732  21298 103548
 47732  47967  21308  21298
 47967  84662 103550  21308
 84662  48024  21354 103550
 48024  47956  21416  21354
 47956  47954  38879  21416
 47954  47951  38898  38879
 47951  38941  47952  38898
 38941  47936  38992  47952
 47936  47935  39035  38992
 47935  39050  47743  39035
 39050     77  47800  47743
    77 106057 106058  72778
106057  42180  72783 106058
106058  72778     77 106057
 72783 106058 106057  42180
 72778  42182  47934  47800
 42182  42148  47903  47934
 42148  42130  47904  47903
 42130  33421  48082  47904
 33421  42308  47901  48082
 42308  42313  47764  47901
 42313  47772  33420  47764
 47772  47066  47870  33420
 47066  10445  47774  47870
 10445  47902  33310  47774
 47902  33303  48094  33310
 33303  47896  33269  48094
 47896  47894  33263  33269
 47894  33225  47895  33263
 33225  39867  48038  47895
 39867  39886  48044  48038
 39886  47769  39887  48044
 47769  46416  47768  39887
 46416  33091  48095  47768
 33091  48096  19230  48095
 48096  19231  47805  19230
 19231  28333  47696  47805
 28333  47807  46301  47696
 47807  47809   7825  46301
 47809  47720  44903   7825
 47720  47917  33480  44903
 47917  47516  48075  33480
 47516  31136  48093  48075
 31136  47884  31165  48093
 47884  31027  47887  31165
 31027  30985  47872  47887
 30985  47877  31915  47872
 47877 103568  82968  31915
103568  47878  31910  82968
 47878  31916  47879  31910
 31916  47880  31917  47879
 47880  47881  31919  31917
 47881  46910  48092  31919
 46910  47914  41217  48092
 47914  41245  47916  41217
 41245  47873  34066  47916
 47873  47789   8580  34066
 47789  34055  47874   8580
 34055  47906  34061  47874
 47906  47907  34062  34061
 47907  47911  34063  34062
 47911  83676 103594  34063
 83676  47912  41270 103594
 47912  47908  41323  41270
 47908  41264  47915  41323
 41264  41259  47689  47915
 41259  87208 103593  47689
 87208  41255  47756 103593
 41255  47913  34796  47756
 47913  47909  34799  34796
 47909  47910  34064  34799
 47910  47854  27986  34064
 47854  47853  27704  27986
 47853  47840  27519  27704
 47840  47844  26798  27519
 47844  47842  26799  26798
 47842  47843  26532  26799
 47843  47841  26538  26532
 47841  47816  30736  26538
 47816  28363  47776  30736
 28363  47836  22778  47776
 47836  81647 103630  22778
 81647  23231  47837 103630
 23231  47875  21271  47837
 47875  47834  24471  21271
 47834  47833  24523  24471
 47833  47832  24438  24523
 47832  47831  24355  24438
 47831  47824  24307  24355
 47824  33998  47825  24307
 33998  33999  47905  47825
 33999  47823  41598  47905
 47823  47818  24101  41598
 47818  47819  23981  24101
 47819  47820  23982  23981
 47820  47821  24054  23982
 47821  23606  47822  24054
 23606  47812  23466  47822
 47812  47815  22842  23466
 47815  81175 103560  22842
 81175  47813  28422 103560
 47813  28421  47814  28422
 28421  47835  11225  47814
 47835  15463  47817  11225
 15463 103535  82935  47817
103535  28408  47876  82935
 28408  27731  47724  47876
 27731  47883  27726  47724
 47883  47845  15589  27726
 47845  47846   9077  15589
 47846  47847  15590   9077
 47847 103530  82119  15590
103530  47726   9057  82119
 47726 103623  82544   9057
103623  43349  47869  82544
 43349 103606  80428  47869
103606   7101  47795  80428
  7101 103529  80427  47795
103529  47771   7118  80427
 47771  43336  47794   7118
 43336 103605  78506  47794
103605  29721  47727  78506
 29721 103537  85368  47727
103537  48018  17627  85368
 48018   9024  47797  17627
  9024   9011  47798  47797
  9011  47868   8991  47798
 47868 103627  79653   8991
103627  35123  47775  79653
 35123   8946  47867  47775
  8946   7351  47752  47867
  7351   8922  47801  47752
  8922   8168  47750  47801
  8168  47749   6643  47750
 47749  29743  47770   6643
 29743 103536  85381  47770
103536  47748  17613  85381
 47748  29764  48010  17613
 29764  48008  29778  48010
 48008 103638  85264  29778
103638  19314  48009  85264
 19314  19318  48011  48009
 19318 103542  85382  48011
103542  48012  19319  85382
 48012 103639  85271  19319
103639  19331  48013  85271
 19331  48052  32417  48013
 48052  47941  18439  32417
 47941  47942  32402  18439
 47942  32408  47943  32402
 32408  47793  17414  47943
 47793   8893  47773  17414
  8893   8894  47803  47773
  8894  47866   8880  47803
 47866  47865   8859   8880
 47865  47864   8847   8859
 47864  47863  32281   8847
 47863  47862   8784  32281
 47862  47861   8770   8784
 47861  47859   8762   8770
 47859  16956  47860   8762
 16956  47690  16958  47860
 47690   4557  47693  16958
  4557  47692   3593  47693
 47692  47684   1128   3593
 47684  47686   4863   1128
 47686  47932   4894   4863
 47932  84268 103622   4894
 84268  17193  47703 103622
 17193  36117  47933  47703
 36117  86915 103569  47933
 86915  36071  47755 103569
 36071  47711  15688  47755
 47711  47718  36033  15688
 47718  78387 103534  36033
 78387  78386 103533 103534
 78386  78385 103532 103533
 78385  47738  14208 103532
 47738  29287  47717  14208
 29287  86624 103561  47717
 86624  47778  30623 103561
 47778  30590  47777  30623
 30590  83412 103567  47777
 83412  47779  30501 103567
 47779  30463  47780  30501
 30463  82450 103566  47780
 82450  82453 103565 103566
 82453  82452 103564 103565
 82452  30388  47782 103564
 30388   8724  47781  47782
  8724  30306  47783  47781
 30306  47858  15162  47783
 47858  47857  13216  15162
 47857  47856   8562  13216
 47856  47855  45450   8562
 47855  47739   8475  45450
 47739  47784   8464   8475
 47784  79898 103563   8464
 79898  47785  30196 103563
 47785  79919 103628  30196
 79919  30175  47838 103628
 30175  47786  30160  47838
 47786  79968 103562  30160
 79968  47788  30103 103562
 47788  30060  47787  30103
 30060  18050  47804  47787
 18050  18051  48053  47804
 18051  18054  48054  48053
 18054  18056  48055  48054
 18056  20160  48056  48055
 20160 103544  86804  48056
103544  20175  48057  86804
 20175  86810 103545  48057
 86810  20188  48058 103545
 20188  22588  48059  48058
 22588  22602  48060  48059
 22602  43372  48061  48060
 43372 103607  87762  48061
103607  43376  48090  87762
 43376  47697  43378  48090
 47697  47695  43379  43378
 47695 103620  78050  43379
103620  23148  47691  78050
 23148  47687   5307  47691
 47687  47688   5305   5307
 47688   5498  47694   5305
  5498  44212  47698  47694
 44212  48063  44213  47698
 48063  48062  44214  44213
 48062  48064  44206  44214
 48064  48065  44215  44206
 48065  48066  44207  44215
 48066  44864  47714  44207
 44864  48076  14556  47714
 48076  47723  14547  14556
 47723  47852  42741  14547
 47852  47851  42756  42741
 47851  42772  47849  42756
 42772  87254 103598  47849
 87254  42773  47850 103598
 42773 103599  87262  47850
103599  87261 103600  87262
 87261  42785  48077 103600
 42785  42797  48078  48077
 42797  48079  42798  48078
 48079  48000  42809  42798
 48000  47719  36700  42809
 47719  48001  19115  36700
 48001 103643 104697  19115
 48030 106689 105654  91161
106689  47891  21653 105654
106690  91017   1291 103999
 91161 107162 104698  30895
107162 103300 103636 104698
103300 103637  85076 103636
103637  89713  48002  85076
 89713  98323 103579  48002
 98323  90465  48003 103579
 90465  90473  48080  48003
 90473  90477  48081  48080
 90477  88834  47848  48081
 88834  91041  14168  47848
 91041 103601  87314  14168
103601  91040  42922  87314
 91040 103603  82122  42922
103603  91039  42940  82122
 91039  90502  48083  42940
 90502  91003  24375  48083
 91003  90515  47893  24375
 90515  89156  47892  47893
 89156 103557  80451  47892
103557  90054  47796  80451
 90054  91054  40742  47796
 91054  90088  47890  40742
 90088  90095  47889  47890
 90095  90114  47888  47889
 90114  90542  47737  47888
 90542  91034  43621  47737
 91034  90544  48091  43621
 90544  91033  43628  48091
 91033  90547  47828  43628
 90547  90546  47827  47828
 90546  91032  43639  47827
 91032  91031  43638  43639
 91031  91030  43644  43638
 91030  91029  43650  43644
 91029  91028  43649  43650
 91028  91027  43658  43649
 91027  95942 103629  43658
 95942  90585  47826 103629
 90585  91124  29158  47826
 91124  91052  40859  29158
 91052  90172  48067  40859
 90172  89023  47882  48067
 89023  89041  48068  47882
 89041 103554  86982  48068
103554  89046  48069  86982
 89046 103555  86983  48069
103555  91026  22901  86983
 91026  91134  22890  22901
 91134  89299  47802  22890
 89299  90918  47725  47802
 90918  91147  22860  47725
 91147  91148  22861  22860
 91148  89993  47713  22861
 89993 103585  78283  47713
103585 103586  78282  78283
103586 103587  78280  78282
103587  89043  47706  78280
 89043  89040  47709  47706
 89040  89034  47707  47709
 89034  89035  47712  47707
 89035  91145  22818  47712
 91145 103553  86963  22818
103553  91146  22807  86963
 91146  91144  22802  22807
 91144 103631  82995  22802
103631  89028  47886  82995
 89028  91143  40843  47886
 91143  91142  40841  40843
 91142  91141  40835  40841
 91141  91140  40825  40835
 91140  91139  40808  40825
 91139  91138  40782  40808
 91138  91137  40759  40782
 91137  91136  40736  40759
 91136  91069  40713  40736
 91069  89869  47961  40713
 89869  91123  37704  47961
 91123  89848  48007  37704
 89848  89826  48006  48007
 89826  89823  48027  48006
 89823  89807  48005  48027
 89807  88596  48004  48005
 88596  88589  47702  48004
 88589  88590  47704  47702
 88590  91122  37675  47704
 91122 103582  85851  37675
103582  91121  37669  85851
 91121 103581  85852  37669
103581  91120  37657  85852
 91120  91119  37655  37657
 91119  91118  37647  37655
 91118  91117  37643  37647
 91117 103580  85084  37643
103580  91116  37639  85084
 91116  91115  37636  37639
 91115  91113  30891  37636
 91113  91112  37630  30891
 91112  89695  47960  37630
 89695  89994  47959  47960
 89994  91111  40088  47959
 91111  91110  40066  40088
 91110  91109  40057  40066
 91109 103578  85061  40057
103578  91108  37611  85061
 91108  91107  37609  37611
 91107  91106  37607  37609
 91106  91105  37602  37607
 91105  91104  40037  37602
 91104  91103  37595  40037
 91103  91102  37584  37595
 91102  91101  37583  37584
 91101  89595  47989  37583
 89595  91100  39943  47989
 91100  91099  39914  39943
 91099  91098  39858  39914
 91098  91097  39760  39858
 91097  91096  39722  39760
 91096 103633  84547  39722
103633  89543  47958  84547
 89543 103577  86628  47958
103577  91095  39621  86628
 91095 103584  86605  39621
103584  91094  39591  86605
 91094  91135  39584  39591
 91135  91068  39575  39584
 91068  91133  42243  39575
 91133 103635  84967  42243
103635  89017  47981  84967
 89017 103552  86550  47981
103552  91001  21998  86550
 91001  89971  47919  21998
 89971  99924 103551  47919
 99924  91132  21969 103551
 91132  91131  21913  21969
 91131  89015  47918  21913
 89015  91093  21900  47918
 91093  91092  21877  21900
 91092  89416  47978  21877
 89416  89415  47977  47978
 89415  91091  37381  47977
 91091  91089  37374  37381
 91089 103576  84896  37374
103576  91088  37355  84896
 91088  91087  37339  37355
 91087  91086  37326  37339
 91086  91085  37303  37326
 91085  91084  37294  37303
 91084  91083  37276  37294
 91083  91082  37251  37276
 91082  91081  37245  37251
 91081  91080  37226  37245
 91080  89328  47973  37226
 89328  89327  47900  47973
 89327  89266  47898  47900
 89266  89322  47899  47898
 89322  89265  47897  47899
 89265  91079  37186  47897
 91079  91077  37177  37186
 91077  91076  37168  37177
 91076  91075  37157  37168
 91075 103575  84672  37157
103575  91074  37151  84672
 91074 103634  84669  37151
103634  90219  47968  84669
 90219 103597  87052  47968
103597  91153  41643  87052
 91153 103596  87051  41643
103596  91152  41633  87051
 91152  91151  41621  41633
 91151  91150  41606  41621
 91150 103595  87038  41606
103595  91149  41576  87038
 91149  91047  41585  41576
 91047  91009  41544  41585
 91009  90186  47735  41544
 90186  91048  41487  47735
 91048  90184  47871  41487
 90184  91049  41434  47871
 91049  91050  41444  41434
 91050  89013  48071  41444
 89013  91010   1597  48071
 91010  91051  41501   1597
 91051  89190  47736  41501
 89190  89977  47747  47736
 89977  89976  48021  47747
 89976  89973  48020  48021
 89973  90998  38670  48020
 90998 103583  85484  38670
103583  90994  38658  85484
 90994  90997   4393  38658
 90997  88728  47700   4393
 88728  88730  47699  47700
 88730  90538  47829  47699
 90538  89089  47705  47829
 89089  91065  35502  47705
 91065  89269  48070  35502
 89269  91064  38128  48070
 91064  91063  38131  38128
 91063  90536  47920  38131
 90536  91036  43133  47920
 91036  90535  47839  43133
 90535  90835  47830  47839
 90835  90830  47715  47830
 90830  91025  10886  47715
 91025  89018  47716  10886
 89018  89014  47791  47716
 89014  91000  10773  47791
 91000  91002  23052  10773
 91002  89163  48014  23052
 89163  90528  47885  48014
 90528  90527  48085  47885
 90527  88830  47708  48085
 88830  90526  48084  47708
 90526  91125  43106  48084
 91125  91090  19648  43106
 91090  89195  48019  19648
 89195  91070  18629  48019
 91070  91008  18636  18629
 91008  91024  18635  18636
 91024  91012   3794  18635
 91012  88610  47731   3794
 88610  88611  47757  47731
 88611 103527  79392  47757
103527  88615  47759  79392
 88615  91006   2954  47759
 91006  91022   2953   2954
 91022  91023   6625   2953
 91023  88925  47792   6625
 88925  91071  19737  47792
 91071 103546  85614  19737
103546  91072  20349  85614
 91072 103547  87046  20349
103547  91073  20353  87046
 91073  91066  18690  20353
 91066  88875  47937  18690
 88875  91067  18706  47937
 91067  88880  47938  18706
 88880  88881  47939  47938
 88881  88902  47940  47939
 88902 103538  84671  47940
103538  88903  47969  84671
 88903  97583 103539  47969
 97583  88950  47970 103539
 88950  97590 103543  47970
 97590  89306  47955 103543
 89306  89295  47971  47955
 89295  89297  48046  47971
 89297  88797  47754  48046
 88797  91004   7258  47754
 91004  91130  36625   7258
 91130  91129  36620  36625
 91129  91162  47646  36620
 91162  89301  47950  47646
 89301  91013  19778  47950
 91013  89180  47953  19778
 89180  91014  28030  47953
 91014  89008  47966  28030
 89008  91126  19686  47966
 91126  91007  28131  19686
 91007  91020   1416  28131
 91020  91019   1401   1416
 91019  88580  47751   1401
 88580  88679  47744  47751
 88679  91018   1342  47744
 91018  91015  22902   1342
 91015  91518  47760  22902
 91518 107946 107947  88549
107946  95707  95709 107947
107947  88549  91518 107946
 95709 107947 107946  95707
 88549  91016  47648  47760
 91016  95713 103525  47648
 95713  95714 103524 103525
 95714  95716 103523 103524
 95716  98640 103522 103523
 98640  98643 103521 103522
 98643  98670 103520 103521
 98670  98653 103519 103520
 98653  99124 103518 103519
 99124  99134 103517 103518
 99134  99168 103516 103517
 99168  99184 103515 103516
 99184  99150 103514 103515
 99150  99090 103513 103514
 99090  99220 103512 103513
 99220  99223 103511 103512
 99223  99310 103510 103511
 99310  99263 103509 103510
 99263  99362 103508 103509
 99362  99311 103507 103508
 99311  99365 103506 103507
 99365  99368 103505 103506
 99368  99482 103504 103505
 99482  99421 103503 103504
 99421 102165 103502 103503
102165 102097 103501 103502
102097 102200 103500 103501
102200 102741 103499 103500
102741 106690 103999 103499
