1708
   84    53 10067 10068
   53    88 10069 10067
   10    80    80 10076
   16    94    94 10073
   86    92    92 10078
10069 10067    53    88
   88    16 10073 10069
   94 10073    16    94
10078   133 10107    86
   92 10078    86    92
10076 10079     9    10
10073 10069    88    16
   76 10090   124    76
10090     9 10079 10093
  151   137 10126 10157
10079 10093 10090     9
10107    86 10078   133
10110   207 10114   123
10114   123 10110   207
10093 10110   123   124
  262 10114   207 10131
10068 10126   137    84
10129 10107   133   219
  207 10131   262 10114
  133   219 10129 10107
  316 10129   219 10156
  355   151 10157 10225
  219 10156   316 10129
10126 10157   151   137
10156   378 10171   316
10131 10165   303   262
10171   316 10156   378
10165 10179   342   303
  342   303 10165 10179
  496 10171   378 10208
10179 10187   432   342
  378 10208   496 10171
10217   518 10211   555
  587   449 10230 10242
  593   355 10225 10226
10225 10226   593   355
  632 10217   555 10240
10187 10230   449   432
  555 10240   632 10217
10157 10225   355   151
10230 10242   587   449
10226 10247   612   593
  696   632 10240 10262
  704   612 10247 10283
  712   587 10242 10279
10258   716 10276   686
  686   696 10262 10258
  612   593 10226 10247
10262 10258   686   696
10276   686 10258   716
10279   765 10322   712
  791   775 10381 10345
10242 10279   712   587
  850   851 10372 10361
  849   850 10396 10336
  806   873 10321 10325
  877   878 10344 10346
  888   806 10325 10341
10320 10321   873   883
10322   712 10279   765
10321 10325   806   873
  873   883 10320 10321
10331   704 10283   841
  915   888 10341 10342
10336 10322   765   849
  883   877 10346 10320
10341 10342   915   888
10345 10344   878   791
10346 10320   883   877
10325 10341   888   806
  878   791 10345 10344
10342   900   900   915
10344 10346   877   878
  765   849 10336 10322
  716 10371   783 10276
10372 10361   850   851
10381 10345   791   775
 1061 10331   841 10409
10247 10283   704   612
  783 10276   716 10371
  851   783 10371 10372
 1178 10395   979 10485
 1279  1207 10504 10513
 1287  1285 10493 10492
 1207  1305  1305 10504
 1271  1318 10531 10535
  979 10485  1178 10395
10493 10492  1287  1285
 1349  1350 10729 10515
 1305 10504  1207  1305
10492  1382 10578  1287
10513 10493  1285  1279
10515 10381   775  1349
 1318  1388  1388 10531
10504 10513  1279  1207
10409 10483  1315  1061
 1388 10531  1318  1388
10531 10535  1271  1318
10535  1429 10536  1271
 1315  1061 10409 10483
10536  1271 10535  1429
 1432 10536  1429 10567
10483 10558  1314  1315
10558  1477  1477 10576
 1480  1481 10651 10608
 1495 10578  1382 10623
10485  1480 10608  1178
10608  1178 10485  1480
 1527  1475  1475 10622
 1475 10622  1527  1475
 1382 10623  1495 10578
10623  1383 10648 10660
 1544 10625  1498 10631
 1549  1527 10622 10667
 1542  1498 10625 10626
 1498 10631  1544 10625
 1481  1560 10754 10690
10649 10648  1383  1384
10651 10608  1480  1481
10631  1514 10673 10674
10622 10667  1549  1527
 1609  1495 10660 10714
 1552  1570 10682 10685
10673 10674 10631  1514
10674  1619 10698  1544
10682 10685  1552  1570
10690  1649 10697 10651
 1586  1671 10716 10704
10704 10692  1618  1586
 1350  1618 10692 10729
 1693  1675 10720 10723
 1710 10720  1675 10725
10720 10723  1693  1675
 1620  1542 10626 10701
 1675 10725  1710 10720
10692 10729  1350  1618
10723 10731  1624  1693
10697 10651 10690  1649
10729 10515  1349  1350
10685 10698  1619  1552
10698  1544 10674  1619
 1763  1764 10858 10815
10751  1778 10782 10761
10714  1710 10725  1609
10754 10690  1481  1560
 1815  1806 10808 10805
10725  1609 10714  1710
10626 10701  1620  1542
10750 10697  1649  1714
 1619  1552 10685 10698
 1801  1748 10772 10856
 1649  1714 10750 10697
 1714 10793  1808 10750
 1888  1889 10922 10877
10805  1899 10875  1815
10793  1901 10821  1808
10808 10805  1815  1806
10812 10716  1671  1805
 1893  1925 10910 10911
 1929  1930 10843 10844
 1806 10751  1751 10808
10821  1808 10793  1901
 1959  1963 10836 10837
 1957  1841  1841 10924
10836 10837  1959  1963
 1906 10782  1778 10842
 1963  1906 10842 10836
 1994  1957 10924 10863
10842 10836  1963  1906
10843 10844  1929  1930
 1930  1999 10848 10843
 2001  2002 10854 10957
10848 10843  1930  1999
10844 10821  1901  1929
10837  2011 10878  1959
10858 10815  1763  1764
 2032 10858  1764 10876
 2002  1801 10856 10854
 1999  2059 10882 10848
10875  1815 10805  1899
 2067  2068 10915 10913
10878  1959 10837  2011
10856 10854  2002  1801
 1899  2077 10887 10875
10882 10848  1999  2059
10887 10875  1899  2077
 2094  2067 10913 10914
 1925  1888 10877 10910
 2104  1893 10911 10927
 2111 10878  2011 10979
10815 10812  1805  1763
10910 10911  1893  1925
10772 10856  1801  1748
10913 10914  2094  2067
 1764 10876  2032 10858
10922 10877  1888  1889
10924 10863  1994  1957
10927 10915  2068  2104
10863  2163 10948  1994
 2168 10882  2059 10941
 2077  2001 10957 10887
10914 10937  2113  2094
 2059 10941  2168 10882
10948  1994 10863  2163
10911 10927  2104  1893
10957 10887  2077  2001
10959 10960  2176  2155
 2228 10948  2163 11005
10941  2242 10998  2168
 2176  2155 10959 10960
 2276  2277 11008 11019
 2282  2283 11141 11098
10979 10959  2155  2111
 2155  2111 10979 10959
10876 10987  2203  2032
 2308  2300 11020 11007
 2117  2299 11029 11036
10854 10957  2001  2002
 2299  2318 11030 11029
10997 10922  1889  2108
 2285  2323 11088 10986
 2329 10998 11102 11142
11005  2305 11004  2228
 2338  2276 11019 11032
11007 11008  2277  2308
11010  2113 10937  2178
11008 11019  2276  2277
11020 11007  2308  2300
11030 11029  2299  2318
11019 11032  2338  2276
11036  2203 10987  2117
 2408 11030  2318 11064
11029 11036  2117  2299
11060 11059  2296  2387
 2318 11064  2408 11030
 2429 11004  2305 11070
11070  2433 11111  2429
11004  2228 11005  2305
11088 10986  2285  2323
11098 11060  2387  2282
10960 11102  2242  2176
11059 11020  2300  2296
11111  2429 11070  2433
 2521 11088  2323 11121
11113  2408 11064  2448
11121  2549 11174  2521
 2552 11113  2448 11235
11032 11028  2370  2338
 2178  2571 11156 11010
 9854 11138 15197 15193
 2609 11141  2283 11273
 2305 11070  2429 11004
11102 11142  2329 10998
 2627  9854 15193 11218
11156 11010  2178  2571
 2568  9855 15196 15197
11174  2521 11121  2549
 2667  2395 11196 11197
11141 11098  2282  2283
 2323 11121  2521 11088
 2699  2700 11198 11199
11196 11197  2667  2395
11198 11199  2699  2700
 2700  2715 11226 11198
11142  2720 11287  2329
 2571 11196  2395 11156
11215  2735 11231  2711
11218  2741 11229  2627
11221 11215  2711  2712
11226 11198  2700  2715
 2762 11244 11199 11364
 2770  2753 11303 11320
 2776  2728 11297 11315
 2768  2667 11197 11270
11197 11270  2768  2667
 2720  2770 11320 11287
11273  2663 11440  2609
 2798  2643 11369 11374
11276 11226  2715  2695
 2640 11229  2741  2640
 2643 11111  2433 11369
11287  2329 11142  2720
 2805  2762 11364 11365
 2806  2805 11365 11376
 2808  2809 11384 11423
11296  2807 11324  2742
11270 11297  2728  2768
11302 11276  2695  2704
 2786 11303  2753 11269
 2807 11302  2704 11324
 2687  2699 11244 11245
11315  2813 11338 11339
11297 11315  2776  2728
 2809 11316 11325 11384
11316 11296  2742  2778
 2695  2704 11302 11276
11320 11287  2720  2770
11303 11320  2770  2753
11327  2785 11371  2810
 2858  2570 11170 11337
11334 11230  2736  2826
11170 11337  2858  2570
11338 11339 11315  2813
 2778  2641 11253 11325
 2871 11349  2522 11443
 2736  2826 11334 11230
 2892  2893 11546 11375
11199 11364  2762 11244
 2433 11369  2643 11111
 2919  2917 11401 11400
11369 11374  2798  2643
11376 11327  2810  2806
11337 11379  2895  2858
 2813  2895 11379 11338
 2663  2522 11349 11440
11401 11400  2919  2917
11379 11338  2813  2895
 2984  2985 11432 11433
 2917  2928 11476 11401
11432 11433  2984  2985
 2994  2955 11528 11500
11235  3000 11456  2552
11440  2609 11273  2663
 2549  2707 11490 11174
 2895  2858 11337 11379
 2951 11447 11433 11431
11447  2878 11449  2984
11449  2984 11447  2878
11365 11376  2806  2805
11476 11401  2917  2928
11490 11174  2549  2707
 3022  3093 11570 11512
11500 11501  3093  2994
 3000  3123 11537 11456
 2955  2919 11400 11528
 2707  2798 11374 11490
11400 11528  2955  2919
11443  3172 11536  2871
 3107  3022 11512 11513
11513 11535  3145  3107
11536  2871 11443  3172
11537 11456  3000  3123
11528 11500  2994  2955
11546 11375  2892  2893
 3145  3107 11513 11535
11374 11490  2707  2798
11349 11440  2663  2522
 3123  3144 11578 11537
11568  2892 11375  3053
 3236 11570 11501 11631
 3053  3220 11611 11568
 3248  3249 11595 11623
11578 11537  3123  3144
 3220  3251 11610 11611
 3206 11432  2985 11643
 3251  3252 11617 11610
 3271  3206 11643 11651
 3275 11595  3249 11699
11610 11611  3220  3251
11617 11610  3251  3252
 3252  3248 11623 11617
 3172  3329 11694 11536
11623 11617  3252  3248
11501 11631  3236 11570
 2985 11643  3206 11432
 3329 11546  2893 11694
11611 11568  3053  3220
 3281  3236 11631 11681
11631 11681  3281  3236
 3454  3280 11732 11733
11681  3457 11734 11756
 2893 11694  3329 11546
 3249 11699  3275 11595
11694 11536  3172  3329
11732 11733  3454  3280
15936  3462 11840 11929
11756 11732  3280  3281
11699  3652 11915  3275
 3583  3454 11733 11886
 3796  3797 12020 11979
 3841  3842 12131 11968
11910  3857 11967  3550
11915  3275 11699  3652
 3457 11919  3810 11734
11840 11929 15936  3462
 3652 11946  3871 11915
 3936  3796 11979 11980
11967  3550 11910  3857
11968 11967  3857  3841
11969  3936 11980  3930
 3857  3841 11968 11967
11979 11980  3936  3796
 3953 11984  3913 12046
 3798  3583 11886  3798
 3975  3976 12051 12036
 3930  3913 11984 11969
11919 12020  3797  3810
 3976  3953 12046 12051
 3913 12046  3953 11984
 3797  3810 11919 12020
 3875  4034 12071 12072
12046 12051  3976  3953
12051 12036  3975  3976
12071 12072  3875  4034
12067 12071  4034  4041
11980  3930 11969  3936
12131 11968  3841  3842
 4170 12066  4043 12156
12100 12152  4076  3812
 4272  4205 12248 12249
 4290  4236 12195 12277
12152 12177  4205  4076
 4205  4076 12152 12177
 4236 12131  3842 12195
12245  4373 12375  4275
12248 12249  4272  4205
 4382  4290 12277 12505
 3842 12195  4236 12131
12374 12375  4373  4416
12177  4492 12427 12248
 4373  4416 12374 12375
12357  4272 12249  4477
 4477 12407  4467 12357
12420  4382 12505  4539
12375  4275 12245  4373
 4467 12357  4477 12407
 4416  4467 12407 12374
12504 12503  4651  4650
 4795  4675 12643 12616
12407 12374  4416  4467
 4765 12427  4492 12620
12493  4439 12322  4636
 4650  4833 12598 12504
12597 12420  4539  4540
12599 12598  4833  4864
 4833  4864 12599 12598
 4864  4900 12629 12599
 4900  4841 12579 12629
12598 12504  4650  4833
12629 12599  4864  4900
12579 12629  4900  4841
 4953 12641  4813 12747
 4919  4651 12503 12671
 4983 12597  4540 12708
 4540 12708  4983 12597
 5050  4919 12671 12733
12497 12245  4275  4273
 5132  4974 12760 12761
12760 12761  5132  4974
 5159  5050 12733 12790
 5147  4955 12795 12803
12768 12769  5152  4999
 4974  4765 12620 12760
12733 12790  5159  5050
12790  4953 12747  5159
 5152  4999 12768 12769
12747  5159 12790  4953
12769  5403 12922  5152
 5434 12922 12975 12974
 5360  5335 12999 13041
 5403  5507 13030 12975
12975 12974  5434 12922
 5344  5521 13065 13139
12922  5152 12769  5403
 5521  5360 13041 13065
 5556  5557 13057 13058
13030 12975  5403  5507
13052  5604 13080  5517
 5604  5605 13095 13103
 5608  5609  5609 13121
13057 13058  5556  5557
 5605  5608 13121 13095
 5631  5434 12974 13082
13041 13065  5521  5360
13072  5556 13058  5607
13077 13076  5459  5458
13080  5517 13052  5604
12974 13082  5631  5434
 5657  5631 13082 13094
13082 13094  5657  5631
 5671 13030  5507 13107
13095 13103  5604  5605
 5507 13107  5671 13030
13058  5607 13072  5556
13121 13095  5605  5608
 5729  5657 13094 13124
13094 13124  5729  5657
13103  5732 13129 13080
13076  5738 13231  5459
13129 13080 13103  5732
13065 13139  5344  5521
13142 13057  5557  5697
13137  5344 13139  5725
13107 13129  5732  5671
 5732  5671 13107 13129
 5806  5493 13108 13216
 5816  5729 13124 13207
13207  5823 13220  5816
12761 13108  5493  5132
 5697  5832 13230 13142
13108 13216  5806  5493
13220  5816 13207  5823
13230 13142  5697  5832
13124 13207  5816  5729
13216  5893 13285  5806
13139  5725 13137  5344
 5912 13285  5893 13289
13287  5861 13244  5902
17081  5916 13371 13492
 5893 13289  5912 13285
 5823  5936 13310 13220
13301 13006  5418  5846
13310 13220  5823  5936
 5832  5973 13388 13230
13285  5806 13216  5893
 6030  6022 13455 13444
13289 13384  5595  5912
13388 13230  5832  5973
 5595  5912 13289 13384
13425 13310  5936  6061
13444  6120 13530  6030
 6209  5595 13384 13725
 5973  6192 13515 13388
13452 13301  5846  6063
13515 13388  5973  6192
 6237  6238 13576 13529
 6192  6250 13577 13515
13531 13530  6120  6207
13534 13531  6207  6224
 6061  6279 13579 13425
13556  6035 13518  6246
 6063  6237 13529 13452
13575 13556  6246  6280
13576 13529  6237  6238
13577 13515  6192  6250
13579 13425  6061  6279
13529 13452  6063  6237
13589 13577  6250  6292
 6394  6395 13618 13608
 6292  6310 13655 13589
13618 13608  6394  6395
 6279  6394 13608 13579
 6224 13575  6280 13534
17200  6387  6387 13709
13655 13589  6292  6310
 6483  6426 13731 13707
 6512  6510 13729 13770
13707 13708  6294  6483
 6387 13709 17200  6387
13715 13576  6238  6459
13384 13725  6209  5595
 6357  6535 13791 13648
13770 13715  6459  6512
13791 13648  6357  6535
13725  6655 13895 14036
 6522 13618  6395 13827
 6677  6697 13915 13839
 6459  6512 13770 13715
 6707 13729  6510 13906
 6704  6627 13804 13877
 6697  6728 13914 13915
 6728  6707 13906 13914
 6612  6722 13881 13817
13881 13817  6612  6722
13706 13805  6475  6476
 6510 13906  6707 13729
13817 13791  6535  6612
13914 13915  6697  6728
 6843  6659 13953 13969
13915 13839  6677  6697
13839 13881  6722  6677
 6659  6209 14036 13953
13965  6522 13827  6542
13969  6886 13997  6843
13906 13914  6728  6707
 6722  6677 13839 13881
13983  6704 13877  6810
 6974 13997  6886 14031
14019 13895  6655  6690
 6901  7021 14090 14093
 6886 14031  6974 13997
 6810  7048 14120 13983
14031  7062 14053  6974
14053  6974 14031  7062
 7021  7114 14103 14102
14090 14093  6901  7021
14103 14102  7021  7114
14104  7123 14111  7081
 7131 14111  7123  7131
14093 13965  6542  6901
 7166  7053 14118 14119
 7114  7171 14122 14103
14118 14119  7166  7053
 7176  7166 14119 14131
 7171  7176 14131 14122
14122 14103  7114  7171
14125 14126  7053  7054
14126  7189 14159 14118
14131 14122  7171  7176
14102  7199 14146 14090
14084  7209 14139  6956
14139  6956 14084  7209
 7054  6994 14172 14125
14111  7081 14104  7123
14146 14090 14102  7199
14159 14118 14126  7189
14174  7306 14210 14209
 7288  7345 14222 14214
 7345 14201  7330 14222
14210 14209 14174  7306
14214 14174  7191  7288
14201 14139  7209  7330
 7191  7288 14214 14174
 7374 14146  7199 14224
 7209  7330 14201 14139
14224  7443 14243  7374
14272 14250  7140  7482
 7199 14224  7374 14146
 7330 14222  7345 14201
14304 14159  7189  7490
 7579 14243  7443 14331
 7601  7602 14341 14340
14243  7374 14224  7443
14318  7601 14340  7513
 7443 14331  7579 14243
 7596  7667 14425 14346
14341 14340  7601  7602
14346  7579 14331  7596
 7590  7688 14403 14390
 7487  7728 14428 14354
14367 14304  7490  7305
 7878 14422  7502 14472
14422 14421  7846 14410
14425 14346  7596  7667
 7884  7846 14421 14445
 7905 14428  7728 14547
14331  7596 14346  7579
14421 14445  7884  7846
 7888  7931 14478 14549
 7937  7878 14460 14459
14445 14448  7929  7884
14452  7948  7948  7944
 7948  7944 14452  7948
 7965  7905 14498 14499
 7688  7967 14482 14403
 7970  7971 14464 14457
14457  7959 14468  7970
 7976 14460 14472  7976
 7667  7900 14475 14425
 7929  7884 14445 14448
 7987 14452  7944 14473
 7993  7929 14448 14477
14468  7970 14457  7959
14472  7976  7976 14460
 7944 14473  7987 14452
 7979  7993 14477 14487
14448 14477  7993  7929
 8017 14478  7931 14510
14482 14403  7688  7967
 7959  8015 14494 14468
14477 14487  7979  7993
 8045  7937 14459 14523
 7971  8048 14497 14464
 7989  7979 14487 14506
 8061  8047 14513 14503
 7967  8062  8062 14482
 8062 14482  7967  8062
14497 14464  7971  8048
14494 14468  7959  8015
14500 14498 14547  7888
 7502 14472  7878 14422
14473  8020 14562 14539
 8020  8061 14572 14562
 8043  8049 14526 14555
14510  8084 14522 14538
 7931 14510  8017 14478
 8099  7989 14506 14525
 8100  8017 14538 14540
 8047 14522  8084 14513
14523  8064 14541  8045
 8104  8103 14536 14551
 8103 14497  8048 14536
14459 14523  8045  7937
 8084 14513  8047 14522
 8048 14536  8103 14497
 8071  8121 14590 14589
14522 14538 14510  8084
14539 14526  8049  7987
14538 14540  8100  8017
14541  8045 14523  8064
14475 14425  7667  7900
 8015  8071 14589 14494
 7900 14545  8128 14475
14547  7888 14500 14498
 8146  8043 14555 14568
14549  8018 14558 14500
14551  8150 14587 14544
14536 14551  8104  8103
14526 14555  8043  8049
14487 14506  7989  7979
14558 14500 14549  8018
 8135 14541  8064 14579
14562 14539 14473  8020
 8163 14563  8075 14569
14499  8165 14573  7965
 8139  8170 14585 14586
14555 14568  8146  8043
14563 14572 14503  8075
14572 14562  8020  8061
 8165  8186 14597 14573
 8064 14579  8135 14541
14579  8205 14615  8135
14585 14586  8139  8170
14590 14589  8071  8121
14591  8146 14568  8198
 8150  8192 14609 14587
14586 14597  8186  8139
14589 14494  8015  8071
 8186  8139 14586 14597
14506 14525  8099  7989
14525  8203 14620  8099
 8234 14591  8198 14622
 8203  8212  8212 14620
14609 14587  8150  8192
14611 14590  8121  8236
14540  8104 14544  8100
14615  8135 14579  8205
 8205  8260 14649 14615
 8198 14622  8234 14591
 8271  8163 14569 14663
 8274  8234 14622  8274
14622  8274  8274  8234
 8264  8285 14645 14646
14633 14585  8170  8169
 8302  8128 14545 14636
14636  8254 14688  8302
 8121  8236 14611 14590
 8285  8300  8300 14645
 8329  8330 14709 14694
14545 14636  8302  8128
14645 14646  8264  8285
14649 14615  8205  8260
 8300 14645  8285  8300
 8352 14649  8260 14652
 8260 14652  8352 14649
 8358 14611  8236 14679
14654 14609  8192  8292
 8192  8292 14654 14609
14646 14654  8292  8264
 8169  8329 14694 14633
 8437  8271 14663  8437
 8236 14679  8358 14611
 8457  8352 14652 14701
14688  8302 14636  8254
 8494 14688 14767 14755
 8330  8471 14710 14709
14701  8513 14715  8457
14652 14701  8457  8352
14710 14709  8330  8471
14694 14633  8169  8329
14715  8457 14701  8513
 8513  8561 14730 14715
 8575 14730 14768 14733
14730 14715  8513  8561
14733  8579 14782  8575
14709 14694  8329  8330
 8610  8611 14756 14757
 8561  8626 14750 14768
 8636 14710  8471 14763
14755 14756  8611  8494
14767 14755  8494 14688
14765 14767  8254  8255
14750 14768  8561  8626
14768 14733  8575 14730
 8682 14750  8626 14783
14763  8660 14785  8636
 8626 14783  8682 14750
 8660  8700  8700 14785
 8471 14763  8636 14710
 8753 14782  8579 14813
 8772  8773 14803 14811
 8255 14803  8773 14765
 8834  8682 14783 14810
14783 14810  8834  8682
14813  8849 14817  8753
 8849  8856 14832 14817
 8860  8834 14810 14820
14817  8753 14813  8849
 8579 14813  8753 14782
14810 14820  8860  8834
 8773 14765  8255 14803
14832 14817  8849  8856
14820  8939 14841  8860
14841  8860 14820  8939
 8979 14841  8939 14863
14848 14832  8856  8977
14850  8610 14757  8799
 8967  8988 14934 14881
14855  8772 14811  8935
14811  8935 14855  8772
 8939 14863  8979 14841
 8856  8977 14848 14832
 8977  9013 14877 14848
 9027  8979 14863 14871
14863 14871  9027  8979
 9065 14877  9013 14887
 9066  9027 14871 14900
 8799 14882  8959 14850
 9013 14887  9065 14877
14893  8959 14882  9070
 9070  9119 14947 14893
 8935  8967 14881 14855
14898  9065 14887  9120
14871 14900  9066  9027
14882  9070 14893  8959
 9120  9182  9182 14898
 9182 14898  9120  9182
 8988  9201 14948 14934
14900  9245 14942  9066
 9255  9253  9253 14958
14947 14893  9070  9119
 9276 14942  9245 14960
14948 14934  8988  9201
14934 14881  8967  8988
 9253 14958  9255  9253
14958  9347 14973  9255
14973  9255 14958  9347
 9201  9263 14992 14948
14993 14947  9119  9366
14992 14948  9201  9263
 9263 14973  9347 14992
 9431  9276 14960 15024
 9347 14992  9263 14973
 9463  9431 15024  9463
 9119  9366 14993 14947
14960 15024  9431  9276
 9366  9497 15032 14993
15032 14993  9366  9497
 9646 15032  9497 15081
 9497 15081  9646 15032
 9597  9646 15081 15088
15081 15088  9597  9646
15088 15150  9596  9597
15172  9596 15150  9768
 9828 15172  9768 15181
 9830  9829 15187  9830
15150  9768 15172  9596
 9768 15181  9828 15172
15187  9830  9830  9829
15181 15187  9829  9828
15193 11218  2627  9854
11253 11325  2778  2641
11325 11384  2809 11316
11384 11423  2808  2809
12156 15246  4171  4170
    9    10 10076 10079
10067 10068    84    53
  124    76    76 10090
  123   124 10093 10110
  137    84 10068 10126
   80 10076    10    80
  303   262 10131 10165
  432   342 10179 10187
  449   432 10187 10230
  518   496 10208 10211
10208 10211   518   496
10211   555 10217   518
10240 10262   696   632
10283   841 10331   704
  900   915 10342   900
10361   979 10395 10396
10371 10372   851   783
10396 10336   849   850
10395 10396 10361   979
  775  1349 10515 10381
  841 10409  1061 10331
 1314  1315 10483 10558
 1285  1279 10513 10493
 1383  1384 10649 10648
10567  1485 10603  1432
 1429 10567  1432 10536
15411 10649  1384 15410
10576 15411 15410  1314
10578  1287 10492  1382
15410  1314 10576 15411
 1384 15410 15411 10649
10603  1432 10567  1485
 1514 10603  1485 10673
10625 10626  1542  1498
 1570  1549 10667 10682
 1477 10576 10558  1477
10660 10714  1609  1495
10648 10660 10623  1383
 1618  1586 10704 10692
 1485 10673  1514 10603
 1621  1620 10701 10700
 1560  1708  1708 10754
10667 10682  1570  1549
10701 10700  1621  1620
 1624  1693 10723 10731
10716 10704  1586  1671
 1708 10754  1560  1708
 1748  1621 10700 10772
 1750  1751 10761 10746
 1671  1805 10812 10716
10746  1624 10731  1750
10761 10746  1750  1751
10731  1750 10746  1624
 1751 10808  1806 10751
 1808 10750  1714 10793
10700 10772  1748  1621
 1805  1763 10815 10812
10782 10761 10751  1778
 1778 10842  1906 10782
 1901  1929 10844 10821
 1841 10924  1957  1841
10877 10910  1925  1888
 1889  2108 10997 10922
 2068  2104 10927 10915
 2011 10979  2111 10878
 2113  2094 10914 10937
10915 10913  2067  2068
10937  2178 11010  2113
 2203  2032 10876 10987
 2242  2176 10960 11102
 2108  2285 10986 10997
10986 10997  2108  2285
10987  2117 11036  2203
 2300  2296 11059 11020
 2163 11005  2228 10948
 2277  2308 11007 11008
 2296  2387 11060 11059
 2370  2338 11032 11028
 2395 11156  2571 11196
 2387  2282 11098 11060
11064  2448 11113  2408
10998  2168 10941  2242
11028 11170  2570  2370
 2570  2370 11028 11170
 2448 11235  2552 11113
 2641 15196  9855 11253
 2283 11273  2609 11141
 2522 11443  2871 11349
 2712  2687 11245 11221
 2711  2712 11221 11215
 2735  2736 11230 11231
 2741  2640  2640 11229
11229  2627 11218  2741
11231  2711 11215  2735
11230 11231  2735  2736
 2715  2695 11276 11226
 2728  2768 11270 11297
 2753 11269  2786 11303
11245 11221  2712  2687
11244 11245  2687  2699
 9855 11253  2641 15196
 2742  2778 11316 11296
 2785  2786 11269 11371
15197 15193  9854 11138
15196 15197  2568  9855
 2810  2806 11376 11327
11371  2810 11327  2785
 2826  2776 11339 11334
11324  2742 11296  2807
 2704 11324  2807 11302
11339 11334  2826  2776
 2878  2808 11423 11449
11364 11365  2805  2762
11269 11371  2785  2786
 2928  2951 11431 11476
11423 11449  2878  2808
11431 11476  2928  2951
11433 11431  2951 11447
11456  2552 11235  3000
11375  3053 11568  2892
11512 11513  3107  3022
 3144  3145 11535 11578
 3093  2994 11500 11501
11570 11512  3022  3093
 3280  3281 11756 11732
11535 11578  3144  3145
11651  3347 11761  3271
11643 11651  3271  3206
11734 11756 11681  3457
 3462 11761  3347 11840
11761  3271 11651  3347
11595 11623  3248  3249
 3347 11840  3462 11761
11886  3798  3798  3583
11733 11886  3583  3454
 3810 11734  3457 11919
 3812  3975 12036 12100
 4076  3812 12100 12152
 3770 15218  9870  3770
15218  3871 11946  9870
 9870  3770  3770 15218
11946  9870 15218  3871
11929 11910  3550 15936
 3550 15936 11929 11910
 3871 11915  3652 11946
12020 11979  3796  3797
 4311 12288  3912 12301
12036 12100  3812  3975
 4041  4043 12066 12067
11984 11969  3930  3913
12066 12067  4041  4043
15253  3875 12072  4074
 4024 15253  4074 12128
12288  4024 12128  3912
12072  4074 15253  3875
 4074 12128  4024 15253
 4171  4170 12156 15246
 4043 12156  4170 12066
12128  3912 12288  4024
 4275  4273 12497 12245
 4034  4041 12067 12071
 4453  4311 12301 12372
12290  4171 15246  4116
12277 12505  4382  4290
12195 12277  4290  4236
 3912 12301  4311 12288
12249  4477 12357  4272
 4116 12322  4439 12290
 4439 12290  4116 12322
 4539  4540 12597 12420
12427 12248 12177  4492
 4651  4650 12504 12503
12372  4795 12616  4453
12301 12372  4453  4311
 4746 12493  4636 12665
12505  4539 12420  4382
 4706 12538  4770  4706
12665  4770 12538  4746
 4636 12665  4746 12493
 4905  4813 12641 12721
12538  4746 12665  4770
 4841 12497  4273 12579
 4273 12579  4841 12497
 4770  4706  4706 12538
15246  4116 12290  4171
12322  4636 12493  4439
 4492 12620  4765 12427
12616  4453 12372  4795
12643 12616  4795  4675
 4955 12643  4675 12795
 4813 12747  4953 12641
12503 12671  4919  4651
 4999  4983 12708 12768
12620 12760  4974  4765
12671 12733  5050  4919
12708 12768  4999  4983
 4675 12795  4955 12643
13007  5147 12803  5138
13006 13007  5138  5418
 5335  4905 12721 12999
12803  5138 13007  5147
12795 12803  5147  4955
12641 12721  4905  4813
 5493  5132 12761 13108
 5459  5458 13077 13076
12999 13041  5360  5335
12721 12999  5335  4905
 5517 13072  5607 13052
 5607 13052  5517 13072
 5557  5697 13142 13057
13234  5712  5712  5714
 5725 13077  5458 13137
 5609 13121  5608  5609
 5861 13234  5714 13244
 5458 13137  5725 13077
 5138  5418 13006 13007
13231  5459 13076  5738
13244  5902 13287  5861
 5714 13244  5861 13234
 5712  5714 13234  5712
 5936  6061 13425 13310
 5738 13455  6022 13231
 6022 13231  5738 13455
 5916 13518  6035 13371
 5846  6063 13452 13301
 5418  5846 13301 13006
 6035 13371  5916 13518
13371 13492 17081  5916
13492 13287  5902 17081
 5902 17081 13492 13287
13455 13444  6030  6022
 6120  6207 13531 13530
 6207  6224 13534 13531
13530  6030 13444  6120
 6250  6292 13589 13577
 6280 13534  6224 13575
 6246  6280 13575 13556
13518  6246 13556  6035
13648 13655  6310  6357
13608 13579  6279  6394
 6294  6483 13707 13708
 6238  6459 13715 13576
13708 13706  6476  6294
13709 13731  6426 17200
 6426 17200 13709 13731
 6310  6357 13648 13655
 6535  6612 13817 13791
13731 13707  6483  6426
 6542  6901 14093 13965
 6476  6294 13708 13706
 6475  6476 13706 13805
 6627  6475 13805 13804
13805 13804  6627  6475
 6690  7140 14250 14019
13827  6542 13965  6522
 6395 13827  6522 13618
13729 13770  6512  6510
13804 13877  6704  6627
13877  6810 13983  6704
13953 13969  6843  6659
 6655  6690 14019 13895
13997  6843 13969  6886
14036 13953  6659  6209
 7053  7054 14125 14126
 7081 14053  7062 14104
 7062 14104  7081 14053
13895 14036 13725  6655
 7123  7131  7131 14111
 6994  7191 14209 14172
14120 13983  6810  7048
 6956 14120  7048 14084
14119 14131  7176  7166
14172 14125  7054  6994
 7189  7490 14304 14159
14209 14172  6994  7191
 7490  7305 14367 14304
14222 14214  7288  7345
 7048 14084  6956 14120
14250 14019  6690  7140
 7482  7502 14410 14272
 7305  7487 14354 14367
 7513 14210  7306 14318
 7306 14318  7513 14210
 7140  7482 14272 14250
 7602  7590 14390 14341
14340  7513 14318  7601
14354 14367  7305  7487
14390 14341  7602  7590
14403 14390  7590  7688
14410 14272  7482  7502
 7846 14410 14422 14421
14428 14354  7487  7728
 7728 14547  7905 14428
14464 14457  7970  7971
 8018  8039  8039 14558
14478 14549  7888  7931
 8049  7987 14539 14526
14498 14499  7965  7905
14503  8075 14563 14572
14513 14503  8061  8047
14460 14459  7937  7878
 8128 14475  7900 14545
14544  8100 14540  8104
 8075 14569  8163 14563
 8039 14558  8018  8039
14568  8198 14591  8146
14587 14544 14551  8150
 8170  8169 14633 14585
14620  8099 14525  8203
 8212 14620  8203  8212
14573  7965 14499  8165
14597 14573  8165  8186
 8254  8255 14765 14767
 8292  8264 14646 14654
14569 14663  8271  8163
14663  8437  8437  8271
 8454  8358 14679  8454
14679  8454  8454  8358
14756 14757  8610  8611
14782  8575 14733  8579
14785  8636 14763  8660
 8700 14785  8660  8700
 8611  8494 14755 14756
14803 14811  8772  8773
14757  8799 14850  8610
 8959 14850  8799 14882
14881 14855  8935  8967
14877 14848  8977  9013
14887  9120 14898  9065
14942  9066 14900  9245
 9245 14960  9276 14942
15024  9463  9463  9431
 9596  9597 15088 15150
 9829  9828 15181 15187
17631 17619 17882 17903
17649 17644 17924 17929
17924 17929 17649 17644
17653 17649 17929 17946
17929 17946 17653 17649
17664 17653 17946 17963
17672 17664 17963 17965
17808 18118 18312 18313
17965 17980 17691 17672
17698 17691 17980 18000
17797 17839 18086 18090
17722 17725 18010 18005
17785 17833 18065 18066
18010 18005 17722 17725
17735 17736 18021 18012
18012 18010 17725 17735
17725 17735 18012 18010
17719 17738 18020 18019
17817 18139 18388 18389
18020 18019 17719 17738
17749 17745 18034 18033
17804 18027 17818 18101
18019 18026 17720 17719
18021 18012 17735 17736
17803 17804 18101 18099
18032 18021 17736 17732
17745 18032 18036 18034
18034 18033 17749 17745
17757 17749 18033 17757
18033 17757 17757 17749
18026 18036 17732 17720
18061 17984 17780 17781
17988 18061 17781 17782
18066 17799 18093 17785
17788 17697 17999 18002
18076 17787 18331 17789
18085 17802 18098 17795
18090 18088 17794 17797
17798 17722 18005 18006
18093 17785 18066 17799
18095 18093 17799 17800
17801 18085 17795 18011
17805 17808 18313 18111
18118 17811 17976 18312
18116 17780 17984 17814
18027 17817 18389 17818
18139 17823 18140 18388
18137 18020 17738 17824
17833 18146 17832 18065
18065 18066 17785 17833
18146 17788 18002 17832
17839 18151 17837 18086
18086 18090 17797 17839
18151 17798 18006 17837
17619 17620 17881 17882
17881 17882 17619 17620
17644 17631 17903 17924
17903 17924 17644 17631
17882 17903 17631 17619
17673 17671 17959 17673
17959 17673 17673 17671
17946 17963 17664 17653
17963 17965 17672 17664
17671 17961 18408 17959
18313 18111 17805 17808
18312 18313 17808 18118
17976 18312 18118 17811
17674 17805 18111 18102
17691 17672 17965 17980
17782 17783 18332 17988
17781 17782 17988 18061
17984 17814 18116 17780
17697 17698 18000 17999
18331 17789 18076 17787
17794 17797 18090 18088
17793 17794 18088 18081
18000 17999 17697 17698
18002 17832 18146 17788
17999 18002 17788 17697
17799 17800 18095 18093
18006 17837 18151 17798
18005 18006 17798 17722
17818 18101 17804 18027
18389 17818 18027 17817
18388 18389 17817 18139
18140 18388 18139 17823
17738 17824 18137 18020
17824 18140 17823 18137
18036 18034 17745 18032
18408 17959 17671 17961
17961 17674 18102 18408
18102 18408 17961 17674
18111 18102 17674 17805
17780 17781 18061 17984
18332 17988 17782 17783
18330 18332 17783 18333
17787 18330 18333 18331
17814 17976 17811 18116
17790 18076 17789 18075
18075 17791 18079 17790
17789 18075 17790 18076
17791 17793 18081 18079
18333 18331 17787 18330
17783 18333 18330 18332
18079 17790 18075 17791
18081 18079 17791 17793
18088 18081 17793 17794
17837 18086 17839 18151
17811 18116 17814 17976
17823 18137 17824 18140
18571 10041 10042 18852
18534  9934 17609 18399
 9934 15709 18543 17609
15709  9942 17610 18543
 9942 15752 18532 17610
15752  9938 17606 18532
 9938 15714 18533 17606
15714  9925 17607 18533
 9925  9929 17608 17607
 9929  9931 17885 17608
 9931  9936 17611 17605
 9936  9947 17615 17611
 9947  9948 17613 17615
 9948  3063 17843 17613
 3063  3310 17845 17843
 3310  3393 17847 17845
 3393  3526 17848 17847
 3526  3694 17849 17848
 3694  4031 17851 17849
 4031  4069 17855 17851
 4069  4279 17859 17855
 4279 16230 18551 17859
16230  4278 17854 18551
 4278 16446 18550 17854
16446  4322 17858 18550
 4322 16553 18553 17858
16553  4722 17861 18553
 4722 16603 18558 17861
16603 16604 18557 18558
16604 16606 18556 18557
16606 16658 18555 18556
16658 16654 18554 18555
10043 18656 19491 10044
18656 18570 16652 19491
18657 10043 17879 19973
16654 18657 19973 18554
18570  5003  9990 16652
 5003  9995  5141  9990
 9995  9994  5202  5141
 9994  9997  5201  5202
 9997 10005  5240  5201
10005  5238  9998  5240
 5238 10002  5233  9998
10002 10003  5220  5233
10003  5295 10000  5220
 5295  5384 10006 10000
 5384  5452 10008 10006
 5452  5485 10011 10008
 5485  5788 10020 10011
 5788  6059 10023 10020
 6059  6131 10024 10023
 6131  6175 10026 10024
 6175 17167 18563 10026
17167  6272 10028 18563
 6272 10035  6331 10028
10035  6371 10030  6331
 6371 18564 17192 10030
18564 10032  6477 17192
10032 18565 17212  6477
18565 10034  6478 17212
10034 18566 17224  6478
18566 10038  6507 17224
10038 18567 17248  6507
18567 10039  6593 17248
10039 10037  6575  6593
10037 10031  6455  6575
10031 10036  6471  6455
10036 10033  6466  6471
10033 10027  6295  6466
10027 10029  6296  6295
10029 10025  6086  6296
10025  6032 10022  6086
 6032  6031 10021 10022
 6031 10019  5908 10021
10019 10018  5851  5908
10018 10012  5484  5851
10012  9991  5139  5484
 9991  9992  5036  5139
 9992  9986  4553  5036
 9986  9983  4509  4553
 9983  9981  4329  4509
 9981  9976  4312  4329
 9976  9969  4114  4312
 9969  9958  3911  4114
 9958  3834  9957  3911
 3834 15972 18548  9957
15972  3830  9955 18548
 3830  3899  9960  9955
 3899  3954  9961  9960
 3954  3988  9964  9961
 3988  9963  3980  9964
 9963  9968  4008  3980
 9968  4081  9966  4008
 4081  9970  4137  9966
 9970  9967  4122  4137
 9967  9962  3997  4122
 9962  9954  3893  3997
 9954  9956  3802  3893
 9956  9952  3562  3802
 9952  9950  3460  3562
 9950 18547 15836  3460
18547  9944  3260 15836
 9944  3092 10040  3260
 3092 18545 17603 10040
18545  9939  9865 17603
 9939 18544 17566  9865
18544  9933  2992 17566
 9933 18568 17602  2992
10042 18852 18571 10041
18852 17590 18541 18571
18853 10042 17877 19282
18568 18853 19282 17602
17590 17583 18540 18541
17583 17576 18539 18540
17576 18542 15691 18539
18542 17572 18538 15691
17572 17569 18537 18538
17569 17568 18536 18537
17568 17567 18535 18536
17567  9926  2884 18535
 9926 15672 18531  2884
15672 15678 18530 18531
15678 15675 18529 18530
15675  9924  2822 18529
 9924  9922  2697  2822
 9922  9921  2603  2697
 9921  9918  2478  2603
 9918  9915  2508  2478
 9915  9912  2421  2508
 9912  9914  2454  2421
 9914  9916  2376  2454
 9916  9917  2515  2376
 9917  9919  2536  2515
 9919  9911 11130  2536
 9911  2411  9920  2219
 2411  9913  2389  9920
 9913  2459  9923  2389
 2459  9927  2900  9923
 9927  2937  9928  2900
 2937  2988  9930  9928
 2988  9937  3003  9930
 9937  3002  9932  3003
 3002  9940  3105  9932
 9940  9935  3070  3105
 9935  3071  9941  3070
 3071  3217  9943  9941
 3217 18546 15785  9943
18546  9945  3106 15785
 9945  9946  3099  3106
 9946  3266  9951  3099
 3266  9949  3332  9951
 9949  3333  9953  3332
 3333  3898  9959  9953
 3898 18549 15973  9959
18549  4039  9965 15973
 4039  4120  9971  9965
 4120  4229  9972  9971
 4229  4307  9973  9972
 4307  4316  9975  9973
 4316 16217 18552  9975
16217  4317  9974 18552
 4317  4481  9980  9974
 4481  4380  9982  9980
 4380  4411  9978  9982
 4411  4412  9977  9978
 4412  4476  9984  9977
 4476  4438  9979  9984
 4438  4683  9985  9979
 4683  4810  9987  9985
 4810  5026  9988  9987
 5026  5150  9993  9988
 5150  5219 10001  9993
 5219  5218  9996 10001
 5218  5415 10007  9996
 5415  5525 10010 10007
 5525  5570 10014 10010
 5570 16922 18559 10014
16922  5643 10016 18559
 5643 16956 18562 10016
16956 16954 18561 18562
16954 16952 18560 18561
16952 10017  5761 18560
10017 10015  5719  5761
10015 10013  5630  5719
10013 10009  5496  5630
10009 10004  5278  5496
10004  5149  9999  5278
 5149  9989  5028  9999
 9989 16651 18569  5028
19040 17879 10044 19490
16651 19040 19490 18569
17877 19282 18853 10042
19282 17602 18568 18853
17602  2992  9933 18568
 2992 17566 18544  9933
17566  9865  9939 18544
 9865 17603 18545  9939
17603 10040  3092 18545
10040  3260  9944  3092
 3260 15836 18547  9944
15836  3460  9950 18547
 3460  3562  9952  9950
 3562  3802  9956  9952
 3802  3893  9954  9956
 3893  3997  9962  9954
 3997  4122  9967  9962
 4122  4137  9970  9967
 4137  9966  4081  9970
 9966  4008  9968  4081
 4008  3980  9963  9968
 3980  9964  3988  9963
 9964  9961  3954  3988
 9961  9960  3899  3954
 9960  9955  3830  3899
 9955 18548 15972  3830
18548  9957  3834 15972
 9957  3911  9958  3834
 3911  4114  9969  9958
 4114  4312  9976  9969
 4312  4329  9981  9976
 4329  4509  9983  9981
 4509  4553  9986  9983
 4553  5036  9992  9986
 5036  5139  9991  9992
 5139  5484 10012  9991
 5484  5851 10018 10012
 5851  5908 10019 10018
 5908 10021  6031 10019
10021 10022  6032  6031
10022  6086 10025  6032
 6086  6296 10029 10025
 6296  6295 10027 10029
 6295  6466 10033 10027
 6466  6471 10036 10033
 6471  6455 10031 10036
 6455  6575 10037 10031
 6575  6593 10039 10037
 6593 17248 18567 10039
17248  6507 10038 18567
 6507 17224 18566 10038
17224  6478 10034 18566
 6478 17212 18565 10034
17212  6477 10032 18565
 6477 17192 18564 10032
17192 10030  6371 18564
10030  6331 10035  6371
 6331 10028  6272 10035
10028 18563 17167  6272
18563 10026  6175 17167
10026 10024  6131  6175
10024 10023  6059  6131
10023 10020  5788  6059
10020 10011  5485  5788
10011 10008  5452  5485
10008 10006  5384  5452
10006 10000  5295  5384
10000  5220 10003  5295
 5220  5233 10002 10003
 5233  9998  5238 10002
 9998  5240 10005  5238
 5240  5201  9997 10005
 5201  5202  9994  9997
 5202  5141  9995  9994
 5141  9990  5003  9995
 9990 16652 18570  5003
10044 19490 19040 17879
19490 18569 16651 19040
19491 10044 10043 18656
16652 19491 18656 18570
18569  5028  9989 16651
 5028  9999  5149  9989
 9999  5278 10004  5149
 5278  5496 10009 10004
 5496  5630 10013 10009
 5630  5719 10015 10013
 5719  5761 10017 10015
 5761 18560 16952 10017
18560 18561 16954 16952
18561 18562 16956 16954
18562 10016  5643 16956
10016 18559 16922  5643
18559 10014  5570 16922
10014 10010  5525  5570
10010 10007  5415  5525
10007  9996  5218  5415
 9996 10001  5219  5218
10001  9993  5150  5219
 9993  9988  5026  5150
 9988  9987  4810  5026
 9987  9985  4683  4810
 9985  9979  4438  4683
 9979  9984  4476  4438
 9984  9977  4412  4476
 9977  9978  4411  4412
 9978  9982  4380  4411
 9982  9980  4481  4380
 9980  9974  4317  4481
 9974 18552 16217  4317
18552  9975  4316 16217
 9975  9973  4307  4316
 9973  9972  4229  4307
 9972  9971  4120  4229
 9971  9965  4039  4120
 9965 15973 18549  4039
15973  9959  3898 18549
 9959  9953  3333  3898
 9953  3332  9949  3333
 3332  9951  3266  9949
 9951  3099  9946  3266
 3099  3106  9945  9946
 3106 15785 18546  9945
15785  9943  3217 18546
 9943  9941  3071  3217
 9941  3070  9935  3071
 3070  3105  9940  9935
 3105  9932  3002  9940
 9932  3003  9937  3002
 3003  9930  2988  9937
 9930  9928  2937  2988
 9928  2900  9927  2937
 2900  9923  2459  9927
 9923  2389  9913  2459
 2389  9920  2411  9913
 9920  2219  9911  2411
 2219 19632 19633 11130
19632  2568 11138 19633
19633 11130  2219 19632
11138 19633 19632  2568
11130  2536  9919  9911
 2536  2515  9917  9919
 2515  2376  9916  9917
 2376  2454  9914  9916
 2454  2421  9912  9914
 2421  2508  9915  9912
 2508  2478  9918  9915
 2478  2603  9921  9918
 2603  2697  9922  9921
 2697  2822  9924  9922
 2822 18529 15675  9924
18529 18530 15678 15675
18530 18531 15672 15678
18531  2884  9926 15672
 2884 18535 17567  9926
18535 18536 17568 17567
18536 18537 17569 17568
18537 18538 17572 17569
18538 15691 18542 17572
15691 18539 17576 18542
18539 18540 17583 17576
18540 18541 17590 17583
18541 18571 18852 17590
10041 19681 19682 17877
19681 18534 18399 19682
19682 17877 10041 19681
18011 18095 17800 17801
17795 18011 17801 18085
18098 17795 18085 17802
18099 18098 17802 17803
18101 18099 17803 17804
17720 17719 18019 18026
17732 17720 18026 18036
17736 17732 18032 18021
17802 17803 18099 18098
17800 17801 18011 18095
17832 18065 17833 18146
17980 18000 17698 17691
17879 19973 18657 10043
19973 18554 16654 18657
18554 18555 16658 16654
18555 18556 16606 16658
18556 18557 16604 16606
18557 18558 16603 16604
18558 17861  4722 16603
17861 18553 16553  4722
18553 17858  4322 16553
17858 18550 16446  4322
18550 17854  4278 16446
17854 18551 16230  4278
18551 17859  4279 16230
17859 17855  4069  4279
17855 17851  4031  4069
17851 17849  3694  4031
17849 17848  3526  3694
17848 17847  3393  3526
17847 17845  3310  3393
17845 17843  3063  3310
17843 17613  9948  3063
17613 17615  9947  9948
17615 17611  9936  9947
20034 17881 17620 20035
17611 17605  9931  9936
17605 20034 20035 17885
20035 17885 17605 20034
17620 20035 20034 17881
17885 17608  9929  9931
17608 17607  9925  9929
17607 18533 15714  9925
18533 17606  9938 15714
17606 18532 15752  9938
18532 17610  9942 15752
17610 18543 15709  9942
18543 17609  9934 15709
17609 18399 18534  9934
18399 19682 19681 18534
