1526
2697 2765 3375 3376
3374 2676 3386 2752
2763 2753 3377 2763
2753 2762 3378 3377
3375 3376 2697 2765
2735 2699 3380 3381
3377 2763 2763 2753
3378 3377 2753 2762
2653 3375 2765 2653
2716 3374 2752 3390
2762 2716 3382 3378
2693 2692 3400 3401
2696 2695 3403 3404
2765 2653 2653 3375
3380 3381 2735 2699
3382 3378 2762 2716
2699 2698 3407 3380
2698 2697 3405 3406
2695 2694 3402 3403
2694 2693 3401 3402
2692 2691 3384 3399
2745 3384 2691 3387
3386 2752 3374 2676
2691 3387 2745 3384
2752 3390 2716 3374
3390 2589 3413 3382
3381 2608 3411 2735
2676 2547 3421 3386
3384 3399 2692 2691
3399 2563 3417 3400
3400 3401 2693 2692
3401 3402 2694 2693
3402 3403 2695 2694
3403 3404 2696 2695
3404 3405 3376 2696
3405 3406 2698 2697
3406 2569 3416 3407
3407 3380 2699 2698
2532 2745 3387 3410
3387 3410 2532 2745
3411 2735 3381 2608
3413 3382 3390 2589
3416 3407 3406 2569
3417 3400 3399 2563
3421 3386 2676 2547
2589 3046 3439 3413
2608 3065 3438 3411
3076 2532 3410 3445
2547 2461 2461 3421
2563 2477 3441 3417
2569 2483 2483 3416
3438 3411 2608 3065
3439 3413 2589 3046
2483 3416 2569 2483
3441 3417 2563 2477
2461 3421 2547 2461
3410 3445 3076 2532
3065 2913 3470 3438
3046 2894 3472 3439
 102 3076 3445 3469
2477  131 3467 3441
3445 3469  102 3076
3470 3438 3065 2913
3472 3439 3046 2894
2446 2441 2441 3476
2441 3476 2446 2441
3479 2446 3476 2430
2429 2420 3489 3490
2420 2415 3493 3489
2383 2371 3510 3511
2371 3482 2432 3488
2419 2429 3490 2419
2415 2432 3482 3493
2432 3488 2371 3482
3489 3490 2429 2420
3493 3489 2420 2415
3490 2419 2419 2429
3482 3493 2415 2432
3497 3479 2430 2416
2395 2390 3508 3506
2386 2382 3515 3516
2394 2395 3506 3507
2389 2394 3507 3513
2365 2397 3504 3505
2382 2391 3514 3515
2397 2386 3516 3504
3499 3497 2416 2380
2390 3499 3519 3508
2391 2383 3511 3514
3504 3505 2365 2397
3506 3507 2394 2395
3508 3506 2395 2390
2363 2389 3513 3522
3510 3511 2383 2371
3507 3513 2389 2394
3514 3515 2382 2391
3511 3514 2391 2383
3515 3516 2386 2382
3516 3504 2397 2386
3519 3508 2390 3499
3505 2312 3540 3541
3521 3519 2380 2366
2376 3510 3488 3528
3522 2321 3544 2363
2366 2318 3539 3521
3513 3522 2363 2389
2347 2376 3528 3531
2253 2313 3554 3553
2313 2319 3559 3554
2321 2302 3556 3544
3528 3531 2347 2376
2319 2278 3558 3559
3539 3521 2366 2318
2283 2365 3541 3542
3540 3541 3505 2312
3541 3542 2283 2365
2312 2255 3576 3540
3544 2363 3522 2321
2306 2262 3573 3574
2282 2284 3575 3566
3531 2298 3547 2347
3547 2347 3531 2298
2287 2282 3566 3565
2278 2306 3574 3558
3553 2249 3560 2253
3554 3553 2253 2313
3556 3544 2321 2302
2276 3557 2252 3555
3560 2253 3553 2249
3561 3562 2297 2295
2199 2283 3542 3598
3565 3561 2295 2287
3566 3565 2287 2282
2204 3539 2318 3567
2284 2204 3597 3575
2318 3567 2204 3539
2214 2257 3621 3616
3575 3566 2282 2284
2272 3547 2298 3580
3576 3540 2312 2255
2196 2276 3555 3599
3562 3573 2262 2297
2302 2246 3585 3556
3580 2216 3587 2272
2215 2184 3582 3583
3582 3583 2215 2184
2261 2259 3603 3604
2234 2222 3613 3614
2235 2258 3607 3608
3585 3556 2302 2246
2250 2261 3604 3605
2298 3580 2272 3547
2233 2238 3611 3631
2185 3591 2186 3659
2258 2214 3616 3607
2251 2241 3620 3622
3597 3575 2284 2204
3542 3598 2199 2283
2236 2250 3605 3606
2218 2236 3606 3645
2203 2218 3645 2203
3587 2272 3580 2216
2194 3560 2249 3639
2222 2233 3631 3613
2241 2234 3614 3620
2197 2254 3632 3633
3603 3604 2261 2259
3604 3605 2250 2261
3605 3606 2236 2250
3607 3608 2235 2258
2238 2196 3610 3611
3610 3611 2238 2196
3612 3603 2259 2132
3613 3614 2234 2222
3616 3607 2258 2214
3621 3616 2214 2257
2138 2199 3598 3656
3567 2136 3652 3597
2119 3576 2255 3628
3631 3613 2222 2233
3608 3632 2254 2235
3611 3631 2233 2238
2106 2252 3557 3636
2249 3639 2194 3560
3639 2173 3653 2194
3633 3640 2248 2197
3641 3585 2246 2170
3606 3645 2218 2236
2173 2084 3674 3653
3645 2203 2203 2218
3652 3597 3567 2136
3653 2194 3639 2173
3598 3656 2138 2199
3658 3610 3599 2165
2087 2089 3661 3703
2186 3659 2185 3591
3659 3661 2089 2185
2136 2039 3692 3652
2014 2106 3636 3699
3656 2050 3690 2138
3674 3653 2173 2084
2082 3641 2170 2082
2069 3658 2165 2069
3690 2138 3656 2050
3692 3652 2136 2039
3693 3612 2132 2036
3697 2119 3628 2065
3703 3704 2086 2087
3704 3708 2085 2086
1920 3690 2050 3740
3708 3674 2084 2085
3661 3703 2087 2089
3736 3697 2065 1917
2050 3740 1920 3690
3741 3692 2039 1903
3742 3693 2036 1970
3750 2014 3699 1993
  40 3750 1993 3778
  31 1920 3740 3819
  28 3736 3821 3822
 131 3742 1970 3467
3740 3819   31 1920
3820 3821 1917   27
3821 3822   28 3736
3824 3741 1903    3
1902 1877 3825 3826
1849 1880 3830 3831
1876 1902 3826 3837
3825 3826 1902 1877
1884 1885 3834 3845
1877 1878 3838 3825
3827 1835 3828 1876
1875 3827 3837 3836
1874 1875 3836 3829
3828 1876 3827 1835
3829 1836 3832 1874
1878 1879 3839 3838
1880 1881 3842 3840
1882 1883 3844 3843
1883 1884 3845 3844
1881 1882 3843 3842
1879 3830 3840 3841
3830 3831 1849 1880
3832 1874 3829 1836
3831 1862 3854 1849
1885 1789 3833 3834
3833 3834 1885 1789
1851 1775 3862 3848
1835 1755 3864 3828
3836 3829 1874 1875
3837 3836 1875 3827
3826 3837 1876 1902
3838 3825 1877 1878
3839 3838 1878 1879
1813 3839 3841 1813
3840 3841 1879 3830
3842 3840 1880 1881
3843 3842 1881 1882
3844 3843 1882 1883
3845 3844 1883 1884
3834 3845 1884 1885
1787 1788 3874 3875
3851 1851 3848 1828
3841 1813 1813 3839
1862 1800 1800 3854
3854 1849 3831 1862
1800 3854 1862 1800
1788 3833 1789 3874
3862 3848 1851 1775
1836 1758 3863 3832
3863 3832 1836 1758
3864 3828 1835 1755
1828 1749 3868 3851
3868 3851 1828 1749
1789 3874 1788 3833
3874 3875 1787 1788
3875 3876 1786 1787
3017 1786 3876 3877
3876 3877 3017 1786
3886 3862 1775 3007
1755 2987 3890 3864
1758 2991 3889 3863
3889 3863 1758 2991
3890 3864 1755 2987
2987 2832 3928 3890
  25 3868 1749 3891
2865 3017 3877 3913
3877 3913 2865 3017
3922 3886 3007 2855
2991 2836 3927 3889
3927 3889 2991 2836
3928 3890 2987 2832
1709 1721 3931 3932
1675 1700 3930 3935
1668 1661 3933 3934
1601 1675 3935 3961
3931 3932 1709 1721
3933 3934 1668 1661
3930 3935 1675 1700
3932 1657 3936 3937
3936 3937 3932 1657
1559 1692 3938 3939
1608 3938 3941 3942
3938 3939 1559 1692
3941 3942 1608 3938
1609 3931 1721 3943
1721 3943 1609 3931
3940 1638 3956 1707
1638 1668 3934 3962
3937 1577 3955 1709
1626 3930 1700 3958
1618 3941 1692 3959
3953 3940 1707 1584
3955 1709 3937 1577
3935 3961 1601 1675
3934 3962 1638 1668
1661 1582 3964 3965
3964 3965 1661 1582
1580 3933 3965 3966
3965 3966 1580 3933
1574 3936 1657 3967
1657 3967 1574 3936
1529 1618 3959 3979
3962 1552 3978 3956
1577 1520 3987 3955
1538 1626 3958 1538
2952 1609 3943 3980
3943 3980 2952 1609
3942 2936 3981 1608
3981 1608 3942 2936
2974 1601 3961 3982
3961 3982 2974 1601
2961 3953 1584 3984
2959 3964 1582 3985
1582 3985 2959 3964
2957 1580 3966 2957
3987 3955 1577 1520
2950 1574 3967 3988
3967 3988 2950 1574
2934 1559 3939 3989
3939 3989 2934 1559
1552 3820   27 3978
1520   31 3819 3987
2820 2976 2976 4019
3980 2794 4030 2952
3819 3987 1520   31
3822 1517 1517   28
2976 4019 2820 2976
3982 2818 4021 2974
4021 2974 3982 2818
2803 2961 4025 4026
4024 4025 3984 2804
4025 4026 2803 2961
2801 2959 3985 4027
3985 4027 2801 2959
4030 2952 3980 2794
2790 2950 3988 4031
3988 4031 2790 2950
2936 2776 4033 3981
4033 3981 2936 2776
2772 2934 3989 4034
3989 4034 2772 2934
1516 1511 4035 1516
1512 1492 4037 1512
1511 1491 4036 4035
4035 1516 1516 1511
4036 4035 1511 1491
4037 1512 1512 1492
1475 4037 1492 4038
1454 4036 1491 4039
1418 1404 4042 4044
1492 4038 1475 4037
1491 4039 1454 4036
1393 1403 4054 4050
1400 1399 4045 4046
1424 1475 4038 4040
1403 1395 4049 4054
1404 1454 4039 4042
4038 4040 1424 1475
1350 1418 4044 4053
1386 4041 1435 4043
1399 1398 4048 4045
4039 4042 1404 1454
1423 1393 4050 4047
1398 1423 4047 4048
1395 1435 4041 4049
4040 1364 4052 1424
1435 4043 1386 4041
4042 4044 1418 1404
4045 4046 1400 1399
4047 4048 1398 1423
4041 4049 1395 1435
4048 4045 1399 1398
1322 1400 4046 4051
4050 4047 1423 1393
4046 4051 1322 1400
4052 1424 4040 1364
4044 4053 1350 1418
4049 4054 1403 1395
4054 4050 1393 1403
4056 1386 4043 1299
4051 1238 4059 1322
1288 4052 1364 4057
1290 1350 4053 4058
1364 4057 1288 4052
1216 4056 1299 4061
4053 4058 1290 1350
1110 1216 4061 4068
4059 1322 4051 1238
1194 1290 4058 4062
1203 1288 4057 4063
1227 1113 4064 4065
1299 4061 1216 4056
4058 4062 1194 1290
4057 4063 1203 1288
4064 4065 1227 1113
1141 4059 1238 4066
1238 4066 1141 4059
4063 1118 4069 1203
1095 1194 4062 4070
1100 1227 4065 4067
4065 4067 1100 1227
4061 4068 1110 1216
1026 1110 4068 4074
4069 1203 4063 1118
 995 4069 1118 4072
4062 4070 1095 1194
1021 1141 4066 4071
4066 4071 1021 1141
 943 1095 4070 4076
1118 4072  995 4069
1113  977 4073 4064
4073 4064 1113  977
4068 4074 1026 1110
 902 1026 4074 4077
 964  972 4081 4082
 869 1100 4067 4075
4067 4075  869 1100
4070 4076  943 1095
 972  943 4076 4081
 922  840 4085 4079
4074 4077  902 1026
 890 1021 4071 4078
4071 4078  890 1021
 879  753 4092 4084
1006  849 4080 1006
 849  964 4082 4089
4080 1006 1006  849
 977  829 4086 4087
4081 4082  964  972
 825  902 4077 4094
4072  750 4083  995
4083  995 4072  750
4076 4081  972  943
 830 4073 4087 4088
4084  734 4096  879
4085 4079  922  840
4086 4087  977  829
4087 4088  830 4073
 763  848 4090 4091
 850  851 4100 4098
4082 4089  849  964
4089  850 4098 4097
4090 4091  763  848
4092 4084  879  753
 838  782 4103 4106
 851  852  852 4100
 848 4080 4097 4090
 786  922 4079 4093
4079 4093  786  922
4077 4094  825  902
 746  890 4078 4095
4078 4095  746  890
4096  879 4084  734
 782  690 4102 4103
4097 4090  848 4080
4098 4097 4089  850
 852 4100  851  852
 681 4085  840 4105
 666  825 4094 4112
 581 4083  750 4117
 753  605 4116 4092
4075  727 4101  869
4101  869 4075  727
 829  633 4109 4110
 654 4086 4110 4111
4102 4103  782  690
4100 4098  850  851
 670  830 4088 4108
 703 4102  690 4114
 840 4105  681 4085
4106  763 4091  838
4088 4108  670  830
4109 4110  829  633
4110 4111  654 4086
4094 4112  666  825
 485 4101  727 4120
 690 4114  703 4102
 611  786 4093 4115
4093 4115  611  786
4116 4092  753  605
 750 4117  581 4083
 577  746 4095 4118
4095 4118  577  746
 565 4096  734 4119
 734 4119  565 4096
 630  535 4137 4125
 727 4120  485 4101
 510  654 4111 4134
 493  666 4112  493
 561  630 4125 4129
 633  388 4136 4109
 511  670 4108 4133
 501  681 4105 4131
 605  540  540 4116
 524  477 4135 4124
 522  703 4114 4126
4114 4126  522  703
4125 4129  561  630
4105 4131  501  681
4108 4133  511  670
4112  493  493  666
4111 4134  510  654
 379  581 4117 4143
4135 4124  524  477
4136 4109  633  388
4137 4125  630  535
 417  611 4115 4138
4115 4138  417  611
4141 4127  504  410
 540 4116  605  540
4117 4143  379  581
 375  577 4118 4144
4118 4144  375  577
 363  565 4119 4145
4119 4145  363  565
 535  282 4148 4137
 204  511 4133 4151
4134  202 4152  510
 186  501 4131 4155
 184  499  499 4156
4129  155 4146  561
4146  561 4129  155
 477  306 4159 4135
 201 4136  388  201
4148 4137  535  282
4124  218 4149  524
4149  524 4124  218
4126  222 4150  522
4150  522 4126  222
4133 4151  204  511
4152  510 4134  202
4131 4155  186  501
 177  379 4143 4168
 324  485 4120 4158
4120 4158  324  485
4159 4135  477  306
 250  417 4138 4161
4138 4161  250  417
4167 4141  410  240
 388  201  201 4136
4143 4168  177  379
 173  375 4144 4169
4144 4169  173  375
4145  160 4170  363
4170  363 4145  160
3469  324 4158  102
 306 3470 2913 4159
 282 3472 2894 4148
 218 3928 2832 4149
4019  204 4151 2820
2818 4152  202 4021
 188 4024 2804 4153
4026  186 4155 2803
4027  184 4156 2801
2794  177 4168 4030
4158  102 3469  324
2913 4159  306 3470
2894 4148  282 3472
3913  250 4161 2865
4161 2865 3913  250
2855 4167  240 3922
 240 3922 2855 4167
 222 3927 2836 4150
2836 4150  222 3927
2832 4149  218 3928
4151 2820 4019  204
 202 4021 2818 4152
4155 2803 4026  186
4156 2801 4027  184
4168 4030 2794  177
4031  173 4169 2790
4169 2790 4031  173
 160 4033 2776 4170
2776 4170  160 4033
4034 4146  155 2772
 155 2772 4034 4146
   3 4187 1751 3824
4187 3867 3125 1751
3376 2696 3404 3405
2430 2416 3497 3479
3476 2430 3479 2446
2416 2380 3499 3497
2380 2366 3521 3519
3488 3528 2376 3510
2295 2287 3565 3561
2262 2297 3562 3573
2297 2295 3561 3562
2252 3555 2276 3557
2257 2251 3622 3621
3583 2186 3591 2215
3581 3587 2216 2248
2184 3581 3640 3582
2254 2235 3608 3632
3591 2215 3583 2186
2248 2197 3633 3640
2216 2248 3581 3587
3599 2165 3658 3610
3555 3599 2196 2276
3614 3620 2241 2234
3622 3621 2257 2251
3620 3622 2251 2241
3632 3633 2197 2254
2246 2170 3641 3585
3557 3636 2106 2252
3640 3582 2184 3581
2170 2082 2082 3641
2165 2069 2069 3658
2084 2085 3708 3674
2039 1903 3741 3692
3699 1993 3750 2014
3636 3699 2014 2106
1915   25 3891 1915
1903    3 3824 3741
3778 1529 3979   40
1993 3778   40 3750
3848 1828 3851 1851
3125 1751 4187 3867
1775 3007 3886 3862
1751 3824    3 4187
3891 1915 1915   25
1749 3891   25 3868
3007 2855 3922 3886
1707 1584 3953 3940
3958 1538 1538 1626
1700 3958 1626 3930
1692 3959 1618 3941
3979   40 3778 1529
3959 3979 1529 1618
3966 2957 2957 1580
1517   28 3822 1517
4043 1299 4056 1386
4091  838 4106  763
4103 4106  838  782
4127  188 4153  504
 499 4156  184  499
4987 4988 4783 4792
4989 4987 4792 4766
4736 4990 4781 5003
4994 4995 4778 4775
4996 4997 4774 4768
4759 4764 5005 5006
4998 4999 4769 4772
4999 4994 4775 4769
4995 5001 4767 4778
5001 5002 4780 4767
5002 4996 4768 4780
4764 4736 5003 5005
4997 4989 4766 4774
5005 5006 4759 4764
5008 4998 4772 4756
5003 5005 4764 4736
5006 4733 5014 4759
5014 4759 5006 4733
5015 5008 4756 4725
4733 4684 5050 5030
5018 5019 4721 4720
5019 5021 4722 4721
5021 4898 5351 4722
4724 4899 5032 5355
5022 5015 4725 4906
4666 4700 5027 5038
5025 5018 4720 4707
5026 5027 4700 4731
5031 5026 4731 4665
4688 4666 5038 5041
5035 5025 4707 4671
4668 4689 5043 5044
4667 4688 5041 5042
4690 4668 5044 5045
4689 4667 5042 5043
5041 5042 4667 4688
5043 5044 4668 4689
5045 5046 4669 4690
4348 4691 5048 5055
5046 5048 4691 4669
5042 5043 4689 4667
5038 5041 4688 4666
5053 4886 5054 4349
5048 5055 4348 4691
5059 5050 4684 4363
5063 5031 4665 4338
4661 4660 5065 5068
4663 5064 4657 5066
4657 5066 4663 5064
4653 4661 5068 5069
5068 5069 4653 4661
5075 4663 5066 4615
4621 4622 5110 4621
5065 5068 4661 4660
5084 4653 5069 4624
5109 5110 4622 4623
5111 5109 4623 4877
5110 4621 4621 4622
5122 5075 4615 4869
5055 5053 4349 4348
5154 5111 4877 4835
4826 4827 5310 5165
5165 5122 4869 4826
5167 5168 4587 4574
5170 4587 5168 4555
4550 5167 4574 5176
4555 4843 5185 5170
5185 5170 4555 4843
5211 5185 4843 4799
5259 4441 5263 4452
5263 4452 5259 4441
4452 4406 5286 5259
5286 5259 4452 4406
5288 5263 4441 4370
5308 4400 4400 4399
4835 5286 4406 5154
4828 5308 4399 5309
5310 5165 4826 4827
4799 5288 4370 5211
5347 5035 4671 5054
4899 5351 4898 5032
5351 4722 5021 4898
5032 5355 4724 4899
5355 5022 4906 4724
4906 4724 5355 5022
4988 4781 4990 4783
4990 4783 4988 4781
4781 5003 4736 4990
4725 4906 5022 5015
4756 4725 5015 5008
4731 4665 5031 5026
4707 4671 5035 5025
5030 5370 5373 5014
5373 5014 5030 5370
5370 4685 4685 5373
4685 5373 5370 4685
5050 5030 4733 4684
4684 4363 5059 5050
4898 5032 4899 5351
4665 4338 5063 5031
5027 5038 4666 4700
4349 4348 5055 5053
5044 5045 4690 4668
5054 4349 5053 4886
4671 5054 5347 5035
4363 4550 5176 5059
4338 5107 4589 5063
5064 5065 4660 4657
5069 4624 5084 4653
5066 4615 5075 4663
4622 4623 5109 5110
4660 4657 5064 5065
4624 4589 5107 5084
4615 4869 5122 5075
4589 5063 4338 5107
4623 4877 5111 5109
4869 4826 5165 5122
4877 4835 5154 5111
4827 4828 5309 5310
5168 4555 5170 4587
4587 4574 5167 5168
5176 5059 4363 4550
4574 5176 4550 5167
4843 4799 5211 5185
4441 4370 5288 5263
4406 5154 4835 5286
4400 4399 5308 4400
5309 5310 4827 4828
4399 5309 4828 5308
4370 5211 4799 5288
4358 5607 5989 3372
5607 3272 1996 5989
3272 3253 2016 1996
3253 3245 2155 2016
3245 3236 2226 2155
3236 3231 2299 2226
3231 3223 2304 2299
3223 3220 2326 2304
3220 3219 2388 2326
3219 2372 3221 2388
2372 2293 3225 3221
2293 2192 3238 3225
2192 2133 3250 3238
2133 2034 3264 3250
2034 1971 3279 3264
1971 3292  132 3279
3292  133 3210  132
 133  134 3209 3210
 134  135 3208 3209
 135  136 3207 3208
 136  137 3206 3207
 137 5533 4329 3206
5533 5534 4330 4329
5534 5535 4331 4330
5535 3291  138 4331
3291  139 3205  138
 139  140 3204 3205
 140  141 3203 3204
 141  142 3202 3203
 142 3201  143 3202
3201 3198 2489  143
3198 3192 2575 2489
3192 3178 2667 2575
3178 5571 4226 2667
5571 2645 3179 4226
2645 3174 2730 3179
3174 3180 2644 2730
3180 3181 2729 2644
3181 3182 2643 2729
3182 3175 2728 2643
3175 2642 3186 2728
2642 3190 2514 3186
3190 3193 2600 2514
3193 3191 2513 2600
3191 3194 2599 2513
3194 3189 2512 2599
3189 3183 2725 2512
3183 2704 3176 2725
2704 2539 3188 3176
2539 2454 3195 3188
2454  109 3199 3195
 109  110 3218 3199
 110  111 3217 3218
 111  112 3216 3217
 112  113 3215 3216
 113  114 3214 3215
 114  115 3213 3214
 115 5532 4328 3213
5532 3293  116 4328
3293  117 3212  116
 117 3273 1957 3212
3273 3258 2071 1957
3258 3257 2122 2071
3257 2013 3266 2122
2013 1995 3274 3266
1995   44 3286 3274
  44   45 3299 3286
  45   46 3298 3299
  46 5525 4336 3298
5525 3343 1536 4336
3343 4316 5580 1536
5759 1537 3371 5823
4316 5759 5823 5580
1537 5758 6080 3347
5758 5543 4312 6080
5543 3335 1625 4312
3335 3330 1698 1625
3330 1678 3329 1698
1678 1605 3337 3329
1605 2980 3344 3337
2980 2825 3350 3344
2825 3366  210 3350
3366  443 3364  210
 443  277 3368 3364
 277 3200   68 3368
3200 3197 3085   68
3197 3185 2585 3085
3185 3184 2626 2585
3184 2680 3177 2626
2680 2552 3187 3177
2552 2467 3196 3187
2467  121 3211 3196
 121 3275 1961 3211
3275 3265 2074 1961
3265 2120 3259 2074
2120 2054 3254 3259
2054 1930 3270 3254
1930   47 3285 3270
  47 4318 5526 3285
5824 3371 3370 6021
4318 5824 6021 5526
3371 5823 5759 1537
5823 5580 4316 5759
5580 1536 3343 4316
1536 4336 5525 3343
4336 3298   46 5525
3298 3299   45   46
3299 3286   44   45
3286 3274 1995   44
3274 3266 2013 1995
3266 2122 3257 2013
2122 2071 3258 3257
2071 1957 3273 3258
1957 3212  117 3273
3212  116 3293  117
 116 4328 5532 3293
4328 3213  115 5532
3213 3214  114  115
3214 3215  113  114
3215 3216  112  113
3216 3217  111  112
3217 3218  110  111
3218 3199  109  110
3199 3195 2454  109
3195 3188 2539 2454
3188 3176 2704 2539
3176 2725 3183 2704
2725 2512 3189 3183
2512 2599 3194 3189
2599 2513 3191 3194
2513 2600 3193 3191
2600 2514 3190 3193
2514 3186 2642 3190
3186 2728 3175 2642
2728 2643 3182 3175
2643 2729 3181 3182
2729 2644 3180 3181
2644 2730 3174 3180
2730 3179 2645 3174
3179 4226 5571 2645
4226 2667 3178 5571
2667 2575 3192 3178
2575 2489 3198 3192
2489  143 3201 3198
 143 3202  142 3201
3202 3203  141  142
3203 3204  140  141
3204 3205  139  140
3205  138 3291  139
 138 4331 5535 3291
4331 4330 5534 5535
4330 4329 5533 5534
4329 3206  137 5533
3206 3207  136  137
3207 3208  135  136
3208 3209  134  135
3209 3210  133  134
3210  132 3292  133
3467 3441 2477  131
 132 3279 1971 3292
1970 3467  131 3742
3279 3264 2034 1971
2036 1970 3742 3693
3264 3250 2133 2034
2132 2036 3693 3612
3250 3238 2192 2133
2259 2132 3612 3603
3238 3225 2293 2192
3225 3221 2372 2293
3221 2388 3219 2372
2388 2326 3220 3219
2326 2304 3223 3220
2304 2299 3231 3223
2299 2226 3236 3231
2226 2155 3245 3236
2155 2016 3253 3245
2016 1996 3272 3253
3372 5988 6116 3346
5988 4326 5582 6116
5989 3372 4358 5607
1996 5989 5607 3272
4326   55 3348 5582
  55 3295   54 3348
3295 3296   53   54
3296 3283   52   53
3283 3276 1935   52
3276 3277 1934 1935
3277 1933 3284 1934
1933   49 3297 3284
  49 5529 4322 3297
5529 5530 4321 4322
5530 5531 4319 4321
5531   48 3349 4319
  48 4323 5528 3349
4323 5527 4317 5528
6022 3370 3347 6079
5527 6022 6079 4317
3370 6021 5824 3371
6021 5526 4318 5824
5526 3285   47 4318
3285 3270 1930   47
3270 3254 2054 1930
3254 3259 2120 2054
3259 2074 3265 2120
2074 1961 3275 3265
1961 3211  121 3275
3211 3196 2467  121
3196 3187 2552 2467
3187 3177 2680 2552
3177 2626 3184 2680
2626 2585 3185 3184
2585 3085 3197 3185
3085   68 3200 3197
  68 3368  277 3200
3368 3364  443  277
3364  210 3366  443
 210 3350 2825 3366
3350 3344 2980 2825
3344 3337 1605 2980
3337 3329 1678 1605
3329 1698 3330 1678
1698 1625 3335 3330
1625 4312 5543 3335
6080 3347 1537 5758
4312 6080 5758 5543
3347 6079 6022 3370
6079 4317 5527 6022
4317 5528 4323 5527
5528 3349   48 4323
3349 4319 5531   48
4319 4321 5530 5531
4321 4322 5529 5530
4322 3297   49 5529
3297 3284 1933   49
3284 1934 3277 1933
1934 1935 3276 3277
1935   52 3283 3276
  52   53 3296 3283
  53   54 3295 3296
  54 3348   55 3295
3348 5582 4326   55
3346 6115 6583 4358
6115 3342 4545 6583
6116 3346 3372 5988
5582 6116 5988 4326
3342 3334 4568 4545
3334 3328 4585 4568
3328 1681 4953 4585
1681 1587 4958 4953
1587 2962 4962 4958
2962 2805 4966 4962
2805 3369 4387 4966
3369 5540 5504 4387
5540 3365 4428 5504
3365 3362 4469 4428
3362 3359 4496 4469
3359 3357 4516 4496
3357 3355 4530 4516
3355 3354 4539 4530
3354 3352 4543 4539
3352 1300 4968 4543
1300 3353 4544 4968
3353 1179 4969 4544
1179 1012 4970 4969
1012 3356 4518 4970
3356  991 4971 4518
 991 3358 4500 4971
3358  780 4974 4500
 780  604 4975 4974
 604 3360 4471 4975
3360 3361 4470 4471
3361  603 4978 4470
 603  408 4979 4978
 408  407 4983 4979
 407  239 4984 4983
 239 3327 4816 4984
3327 3322 4860 4816
3322 3305 4607 4860
3305 3302 4664 4607
3302 1865 4938 4664
1865 3315 4629 4938
3315 5554 5523 4629
5554 3314 4630 5523
3314 5555 5522 4630
5555 3313 4631 5522
3313 5556 5521 4631
5556 3312 4632 5521
3312 3311 4633 4632
3311 3310 4634 4633
3310 3309 4635 4634
3309 5573 5438 4635
5573 1806 4947 5438
1806 3323 4601 4947
3323 3325 4350 4601
3325    8 4933 5061
   8    9 4932 4933
   9   10 4931 4932
  10 3301 4351 4931
3301 3290 4675 4351
3290 3289 4676 4675
3289 3288 4677 4676
3288 1908 4922 4677
1908 1909 4921 4922
1909 1910 4920 4921
1910 1911 4919 4920
1911 1989 4925 4919
1989   18 4926 4925
  18   19 4930 4926
  19   20 4929 4930
  20 3317 4602 4929
3317 3307 4636 4602
3307 1855 4941 4636
1786 1787 3875 3876
1855 1852 4936 4941
1852 3304 4646 4936
3304 1888 4937 4646
1888 1822 4939 4937
1822 1743 4948 4939
1743 3324 4356 4948
3324   21 4928 4356
  21 3287 4357 4928
3287 3281 4697 4357
3281 3267 4709 4697
3267 2109 4914 4709
2109 2026 4917 4914
2026 1944 4924 4917
1944   62 4927 4924
  62 3340 4549 4927
3340 3333 4573 4549
3333 1715 4952 4573
1715 1585 4955 4952
1585 3339 4557 4955
3339 3338 4558 4557
6316 1586 4964 6910
3338 6316 6910 4558
1586 6315 5584 4963
6315 1634 3336 5584
1634 4333 5544 3336
4333 1549 3341 5544
1549 3282   60 3341
3282 3280 1943   60
3280 3256 2024 1943
3256 3234 2098 2024
3234 2125 3241 2098
2125 2048 3255 3241
2048 1916 3271 3255
1916   26 3300 3271
  26 5524 4324 3300
5524 3306 1750 4324
3306 3308 1830 1750
1842 6365 6860 4935
6365 4335 5558 6860
6366 1842 3373 6540
3308 6366 6540 4190
4335 3303 4651 5558
3303 3316 4652 4651
3316 1772 4945 4652
1772 3320 4878 4945
3320 3319 4879 4878
3319 3326 4880 4879
3326 2853 4950 4880
2853 3367 4410 4950
3367 3363 4454 4410
 410  240 4167 4141
3363  505 4976 4454
 504  410 4141 4127
 505  189 4982 4976
4153  504 4127  188
 189 3351 4794 4982
2804 4153  188 4024
3351 3345 4839 4794
3984 2804 4024 4025
1584 3984 2961 3953
3345 3332 4552 4839
3332 3331 4575 4552
3331 1637 4954 4575
3956 1707 3940 1638
1637 1551 4961 4954
3978 3956 3962 1552
1551 3294 4365 4961
  27 3978 1552 3820
3294 3278 4686 4365
1917   27 3820 3821
3278 3263 4730 4686
2065 1917 3736 3697
3263 5564 5363 4730
5564 3246 4760 5363
3628 2065 3697 2119
3246 5565 5362 4760
5565 3235 4776 5362
2255 3628 2119 3576
3235 5566 5361 4776
5566 3222 4793 5361
3222 5572 5360 4793
5572 2273 4909 5360
2273 3224 4790 4909
3224 3228 4785 4790
3228 3232 4786 4785
3232 3230 4787 4786
3230 3226 4791 4787
3226 3227 4789 4791
3227 3229 4788 4789
3229 2279 4910 4788
2279 2206 4911 4910
2206 3247 4755 4911
3247 4247 5563 4755
4247 3248 4754 5563
3248 4249 5562 4754
4249 3249 4753 5562
3249 4250 5561 4753
4250 3244 4752 5561
3244 4245 5560 4752
4245 3251 4749 5560
2089 2185 3659 3661
3251 2116 4913 4749
2086 2087 3703 3704
2116 2107 4916 4913
2085 2086 3704 3708
2107 2099 4915 4916
2099 3262 4705 4915
3262 3269 4718 4705
3269 3268 4703 4718
3268 3261 4706 4703
3261 3260 4701 4706
3260 3243 4742 4701
3243 3233 4770 4742
3559 3554 2313 2319
3233 3239 4771 4770
3558 3559 2319 2278
3239 3237 4782 4771
3574 3558 2278 2306
3237 3240 4765 4782
3573 3574 2306 2262
3240 3242 4779 4765
3242 2096 4912 4779
2096 3252 4751 4912
3252 2045 4918 4751
2045 1907 4923 4918
1907    7 4934 4923
   7 3321 4588 4934
3321 5545 5439 4588
5545 3318 4616 5439
3318 5574 5392 4616
5574 5575 5398 5392
5575 5576 5402 5398
5576 5577 5401 5402
5577 5578 5391 5401
5578 1803 4942 5391
1803 5551 5413 4942
5551 5552 5416 5413
5552 5553 5412 5416
5553 1799 4944 5412
1799 5546 5404 4944
5546 5547 5427 5404
5547 5548 5434 5427
5548 5549 5433 5434
5549 5550 5403 5433
5550 1831 4943 5403
1831 5557 5389 4943
3373 6540 6366 1842
6540 4190 3308 6366
6541 3373 4940 6658
5557 6541 6658 5389
4190 6546 6547 1830
6546 3125 3867 6547
6547 1830 4190 6546
3867 6547 6546 3125
1830 1750 3306 3308
1750 4324 5524 3306
4324 3300   26 5524
3300 3271 1916   26
3271 3255 2048 1916
3255 3241 2125 2048
3241 2098 3234 2125
2098 2024 3256 3234
2024 1943 3280 3256
1943   60 3282 3280
  60 3341 1549 3282
3341 5544 4333 1549
5544 3336 1634 4333
3336 5584 6315 1634
5584 4963 1586 6315
4963 6603 6911 4964
6603 5469 5581 6911
5469 4849 4965 5581
4849 5484 5570 4965
5484 5567 5481 5570
5567 5483 5569 5481
5483 5482 5568 5569
5482 4804 4967 5568
4804 5537 5520 4967
5537 5519 5536 5520
5519 4985 4374 5536
4985 5539 5506 4374
5539 5505 5538 5506
5505 4980 4414 5538
4980 5542 5494 4414
5542 5493 5541 5494
5493 4972 4455 5541
4972 5583 5491 4455
5583 4479 4973 5491
4479 4449 4977 4973
4449 4403 4981 4977
4403 4951 4832 4981
4951 4949 4874 4832
4949 4946 4620 4874
4946 4650 4986 4620
4650 5559 5378 4986
4940 6658 6541 3373
6658 5389 5557 6541
6659 4940 4935 6859
5559 6659 6859 5378
5389 4943 1831 5557
4943 5403 5550 1831
5403 5433 5549 5550
5433 5434 5548 5549
5434 5427 5547 5548
5427 5404 5546 5547
5404 4944 1799 5546
4944 5412 5553 1799
5412 5416 5552 5553
5416 5413 5551 5552
5413 4942 1803 5551
4942 5391 5578 1803
5391 5401 5577 5578
5401 5402 5576 5577
5402 5398 5575 5576
5398 5392 5574 5575
5392 4616 3318 5574
4616 5439 5545 3318
5439 4588 3321 5545
5107 5084 4624 4589
4588 4934    7 3321
4934 4923 1907    7
4923 4918 2045 1907
4918 4751 3252 2045
4751 4912 2096 3252
4700 4731 5026 5027
4912 4779 3242 2096
4779 4765 3240 3242
4765 4782 3237 3240
4782 4771 3239 3237
4771 4770 3233 3239
4770 4742 3243 3233
4742 4701 3260 3243
4701 4706 3261 3260
4669 4690 5045 5046
4706 4703 3268 3261
4691 4669 5046 5048
4703 4718 3269 3268
4718 4705 3262 3269
4705 4915 2099 3262
4915 4916 2107 2099
4916 4913 2116 2107
4720 4707 5025 5018
4913 4749 3251 2116
4721 4720 5018 5019
4749 5560 4245 3251
5560 4752 3244 4245
4722 4721 5019 5021
4752 5561 4250 3244
5561 4753 3249 4250
4753 5562 4249 3249
5562 4754 3248 4249
4754 5563 4247 3248
5563 4755 3247 4247
4755 4911 2206 3247
4772 4756 5008 4998
4911 4910 2279 2206
4910 4788 3229 2279
4769 4772 4998 4999
4788 4789 3227 3229
4775 4769 4999 4994
4789 4791 3226 3227
4778 4775 4994 4995
4791 4787 3230 3226
4767 4778 4995 5001
4787 4786 3232 3230
4780 4767 5001 5002
4786 4785 3228 3232
4768 4780 5002 4996
4785 4790 3224 3228
4774 4768 4996 4997
4790 4909 2273 3224
4766 4774 4997 4989
4792 4766 4989 4987
4909 5360 5572 2273
5360 4793 3222 5572
4783 4792 4987 4988
4793 5361 5566 3222
5361 4776 3235 5566
4776 5362 5565 3235
5362 4760 3246 5565
4760 5363 5564 3246
5363 4730 3263 5564
4730 4686 3278 3263
4686 4365 3294 3278
4365 4961 1551 3294
4961 4954 1637 1551
4954 4575 3331 1637
4575 4552 3332 3331
4552 4839 3345 3332
4839 4794 3351 3345
4794 4982  189 3351
4982 4976  505  189
4976 4454 3363  505
4454 4410 3367 3363
4410 4950 2853 3367
4950 4880 3326 2853
4880 4879 3319 3326
4879 4878 3320 3319
4878 4945 1772 3320
4945 4652 3316 1772
4652 4651 3303 3316
4651 5558 4335 3303
4935 6859 6659 4940
6859 5378 5559 6659
6860 4935 1842 6365
5558 6860 6365 4335
5378 4986 4650 5559
4986 4620 4946 4650
4620 4874 4949 4946
4874 4832 4951 4949
4832 4981 4403 4951
4981 4977 4449 4403
4977 4973 4479 4449
4973 5491 5583 4479
5491 4455 4972 5583
4455 5541 5493 4972
5541 5494 5542 5493
5494 4414 4980 5542
4414 5538 5505 4980
5538 5506 5539 5505
5506 4374 4985 5539
4374 5536 5519 4985
5536 5520 5537 5519
5520 4967 4804 5537
4967 5568 5482 4804
5568 5569 5483 5482
5569 5481 5567 5483
5481 5570 5484 5567
5570 4965 4849 5484
4965 5581 5469 4849
6911 4964 4963 6603
5581 6911 6603 5469
4964 6910 6316 1586
6910 4558 3338 6316
4558 4557 3339 3338
4557 4955 1585 3339
4955 4952 1715 1585
4952 4573 3333 1715
4573 4549 3340 3333
4549 4927   62 3340
4927 4924 1944   62
4924 4917 2026 1944
4917 4914 2109 2026
4914 4709 3267 2109
4709 4697 3281 3267
4697 4357 3287 3281
4357 4928   21 3287
4928 4356 3324   21
4356 4948 1743 3324
4948 4939 1822 1743
4939 4937 1888 1822
4937 4646 3304 1888
4646 4936 1852 3304
4936 4941 1855 1852
4941 4636 3307 1855
4636 4602 3317 3307
4602 4929   20 3317
4929 4930   19   20
4930 4926   18   19
4926 4925 1989   18
4925 4919 1911 1989
4919 4920 1910 1911
4920 4921 1909 1910
4921 4922 1908 1909
4922 4677 3288 1908
4677 4676 3289 3288
4676 4675 3290 3289
4675 4351 3301 3290
4351 4931   10 3301
4931 4932    9   10
4932 4933    8    9
4933 5061 3325    8
5061 7003 7004 4350
7003 5347 4886 7004
7004 4350 5061 7003
4886 7004 7003 5347
4350 4601 3323 3325
4601 4947 1806 3323
4947 5438 5573 1806
5438 4635 3309 5573
4635 4634 3310 3309
4634 4633 3311 3310
4633 4632 3312 3311
4632 5521 5556 3312
5521 4631 3313 5556
4631 5522 5555 3313
5522 4630 3314 5555
4630 5523 5554 3314
5523 4629 3315 5554
4629 4938 1865 3315
4938 4664 3302 1865
4664 4607 3305 3302
4607 4860 3322 3305
4860 4816 3327 3322
4816 4984  239 3327
4984 4983  407  239
4983 4979  408  407
4979 4978  603  408
4978 4470 3361  603
4470 4471 3360 3361
4471 4975  604 3360
4975 4974  780  604
4974 4500 3358  780
4500 4971  991 3358
4971 4518 3356  991
4518 4970 1012 3356
4970 4969 1179 1012
4969 4544 3353 1179
4544 4968 1300 3353
4968 4543 3352 1300
4543 4539 3354 3352
4539 4530 3355 3354
4530 4516 3357 3355
4516 4496 3359 3357
4496 4469 3362 3359
4469 4428 3365 3362
4428 5504 5540 3365
5504 4387 3369 5540
4387 4966 2805 3369
4966 4962 2962 2805
4962 4958 1587 2962
4958 4953 1681 1587
4953 4585 3328 1681
4585 4568 3334 3328
4568 4545 3342 3334
4545 6583 6115 3342
6583 4358 3346 6115
