2208
    6    23 19228 19227
    8     6 19227 19229
19228 19227     6    23
    7     8 19229 19230
19229 19230     7     8
19227 19229     8     6
   23    24 19237 19228
   24    53 19236 19237
19236 19237    24    53
19237 19228    23    24
   64     7 19230 19239
19230 19239    64     7
19239    67 19257    64
   51    47 19245 19246
19245 19246    51    47
   53    51 19246 19236
19246 19236    53    51
   49    94 19266 19264
   94    60 19267 19266
   60    97 19271 19267
19259 19257    67    68
   67    68 19259 19257
   47    87    87 19245
   87 19245    47    87
19264    48    48    49
19266 19264    49    94
19271 19267    60    97
   97    98 19272 19271
19275 19272    98   101
  105 19275   101 19276
  101 19276   105 19275
19276 19259    68 19277
   68 19277 19276 19259
  143   105 19277 19291
19277 19291   143   105
  188   143 19291 19310
19291 19310   188   143
  303   188 19310 19370
19310 19370   303   188
  339   390 19404 19388
19404 19388   339   390
  426   428 19443 19440
  428   429 19428 19443
19427 19428   429   430
  430   474 19444 19427
  474 19404   390 19430
19440   514 19441   426
19443 19440   426   428
19428 19443   428   429
19444 19427   430   474
  557   512 19460 19479
  514 19460   512 19441
  512 19441   514 19460
  522 19444 19430 19463
19430 19463   522 19444
  608   558 19499 19522
19460 19479   557   512
  596   543 19512 19513
  598   596 19513   598
  543   597 19536 19512
  689   605 19493 19519
19492 19493   605   549
  605   549 19492 19493
19494 19492   549   606
19479 19499   558   557
  667   522 19463 19503
19512 19513   596   543
19513   598   598   596
19493 19519   689   605
19522 19523   607   608
19499 19522   608   558
  704   667 19503 19526
19503 19526   704   667
19536 19512   543   597
19538 19536   597   650
19519 19538   650   689
  743   651   651 19555
  606   607 19523 19494
19523 19494   606   607
  651 19555   743   651
19555 19558   692   743
  692   743 19555 19558
19558   795 19560   692
19560   692 19558   795
  812   704 19526 19566
19526 19566   812   704
19594 19560   795   796
  871 19598   813 19599
  813 19599   871 19598
  796   857 19622 19594
19622 19594   796   857
  954 19622   857 19646
19651   871 19628   912
19628   912 19651   871
  967 19628 19599 19630
  857 19646   954 19622
19630  1014 19672   967
19660   827   827   924
  981 19660   924 19681
19646   956 19668   954
19668   954 19646   956
 1058 19668   956 19692
 1011 19651   912  1011
19672   967 19630  1014
 1085   981 19681 19683
  956 19692  1058 19668
 1114  1058 19692 19713
  912  1011  1011 19651
 1127 19672  1014 19698
 1014 19698  1127 19672
19692 19713  1114  1058
 1115  1114 19713 19742
 1119  1115 19742 19744
19713 19742  1115  1114
19742 19744  1119  1115
19698  1179 19769  1127
 1179  1130 19804 19769
 1191  1085 19683 19757
19683 19757  1191  1085
19744  1244 19766  1119
19766  1119 19744  1244
19769  1127 19698  1179
 1130  1257 19805 19804
 1209  1215 19819  1209
 1396 19766  1244 19842
19804 19769  1179  1130
19805 19804  1130  1257
19807 19805  1257  1259
 1341 19807  1259 19809
19809  1342 19878  1341
 1347  1191 19757 19814
19814  1352 19847  1347
 1215 19822  1288 19819
 1296  1297 19829 19828
 1297  1294  1294 19829
19827  1376 19865  1295
19829 19828  1296  1297
19828 19827  1295  1296
 1244 19842  1396 19766
 1342  1345 19880 19878
 1345 19847 19925 19880
19847  1347 19814  1352
19822  1429 19898  1288
 1376 19864  1373 19865
 1373 19865  1376 19864
19865  1295 19827  1376
19878  1341 19809  1342
19880 19878  1342  1345
19898  1288 19822  1429
 1510 19898  1429 19899
 1429 19899  1510 19898
19864 19903  1435  1373
 1435  1373 19864 19903
 1460  1461 19914 19915
19914 19915  1460  1461
19842  1548 19919  1396
19919  1396 19842  1548
 1461  1549 19952 19914
19925 19880  1345 19847
 1486 19925  1352 19926
 1352 19926  1486 19925
 1511  1510 19899 19939
19899 19939  1511  1510
19939  1435 19903 19981
19947  1460 19915  1543
19952 19914  1461  1549
19957 19952  1549  1553
19954  1615 19958  1467
19958  1467 19954  1615
19959 19957  1553  1616
 1553  1616 19959 19957
 1776 19958  1615 20025
19903 19981 19939  1435
 1766 19947  1543 20017
19926  1709 20029  1486
19981 20006  1736  1511
 1736  1511 19981 20006
 1775 19959  1616 20026
 1616 20026  1775 19959
 1779  1776 20025 20063
 1623  1780 20065 20066
20029  1486 19926  1709
 1855  1775 20026 20061
20026 20061  1855  1775
 1780  1779 20063 20065
 1860  1623 20066 20107
 1866 20029  1709 20073
 1991  1736 20006 20084
20006 20084  1991  1736
 1847  1766 20017 20139
 1950  1855 20061 20105
20061 20105  1950  1855
20066 20107  1860  1623
20084  1900 20196  1991
20017 20139  1847  1766
20105  1951 20178  1950
20107  2034 20145  1860
20145  1860 20107  2034
20073 20150  1963  1866
 2138  1989 20193 20192
 1989  2062 20194 20193
20172  1847 20139  2021
20178  1950 20105  1951
 1951  2191 20212 20178
20150  2117 20217  1963
 2136  2134 20230 20229
 1985  2226 20231 20232
 2057  1985 20232 20233
 2058  2057 20233 20234
 2134  2138 20192 20230
 2140  2058 20234  2140
20193 20192  2138  1989
20194 20193  1989  2062
 2062  2064 20235 20194
 2143 20196  1900 20197
 2064  2143 20273 20235
20196  1991 20084  1900
 1900 20197  2143 20196
20212 20178  1951  2191
 2034 20213  2196 20145
20217  1963 20150  2117
 2226  2224 20307 20231
20230 20229  2136  2134
 2302  2136 20229 20309
20231 20232  1985  2226
20232 20233  2057  1985
20233 20234  2058  2057
20192 20230  2134  2138
20234  2140  2140  2058
20235 20194  2062  2064
20197  2146 20274 20273
 2177 20172  2021 20290
 2445  2177 20290 20327
 2194 20212  2191 20257
20257  2111 20262  2194
20263  2196 20213  2279
 2374 20217  2117 20266
 2117 20266  2374 20217
20273 20235  2064  2143
20274 20273 20197  2146
 2111  2278 20337 20262
 2279  2280 20299 20263
20299 20263  2279  2280
 2373  2374 20266 20341
 2133  2393 20351 20308
20308 20307  2224  2133
20307 20231  2226  2224
 2393  2302 20309 20351
 2146  2575 20356 20274
 2278  2366 20388 20337
20339 20299  2280  2541
 2464  2373 20429 20427
20351 20308  2133  2393
20309 20351  2393  2302
20356 20274  2146  2575
 2410  2498 20449 20451
 2412  2410 20451 20452
 2316  2412 20452 20507
20388 20337  2278  2366
 2542 20388  2366 20390
 2366 20390  2542 20388
20390  2543 20426  2542
 2543  2464 20427 20426
 2498  2496 20448 20449
 2575  2499 20450 20356
20408 20409  2592  2423
20410 20408  2423  2508
 2541  2633 20424 20339
20424 20339  2541  2633
20426  2542 20390  2543
20427 20426  2543  2464
20429 20427  2464  2373
20341 20430  2544 20429
 2567  2566  2566 20499
 2569  2567 20499 20500
 2573  2571 20502 20447
20447 20448  2496  2573
20448 20449  2498  2496
20450 20356  2575  2499
20449 20451  2410  2498
 2581  2681 20508 20509
 2683  2581 20509 20510
 2584  2583 20512 20513
 2590  2688 20519 20460
 2591  2592 20409 20461
20460 20410  2508  2590
20409 20461  2591  2592
20421  2723 20477  2529
20477  2529 20421  2723
 2840 20424  2633 20634
20430  2642 20568  2544
 2566 20499  2567  2566
20499 20500  2569  2567
20500 20502  2571  2569
20502 20447  2573  2571
 2781 20450  2499 20504
20452 20507  2316  2412
 2681  2316 20507 20508
20508 20509  2581  2681
20510 20512  2583  2683
20512 20513  2584  2583
20513 20515  2586  2584
20515 20519  2688  2586
 2691  2792 20597 20596
20461  2691 20596  2591
20568  2544 20430  2642
20507 20508  2681  2316
 2784  3020 20658 20657
20597 20596  2691  2792
 2896 20597  2792 20599
20627 20477  2723  2824
 2633 20634  2840 20424
20634 20636  2636  2840
20636  2841 20637  2636
20637  2636 20636  2841
20640 20568  2642  2740
 2985 20640  2740 20642
 2740 20642  2985 20640
20657  2781 20504  2784
20658 20657  2784  3020
 3020  3024 20731 20658
20599  2899 20738  2896
 3096  2988 20780 20779
 2995  2999 20785 20786
 3215  3002 20788 20795
20731 20658  3020  3024
 3024  3134 20804 20731
 3034  3141 20812 20813
 2841  3194 20846 20637
20779  2985 20642  3096
20780 20779  3096  2988
 2988 20782  3315 20780
20785 20786  2995  2999
 2997  3104 20790 20789
20789 20788  3002  2997
20790 20789  2997  3104
20793 20785  2999  3106
20795 20794  3003  3215
20794 20793  3106  3003
20804 20731  3024  3134
 3135 20804  3134 20806
20806  3137 20875  3135
20813 20810  3140  3034
 3141  3259 20884 20812
20846 20637  2841  3194
 3209  3317 20979 20856
20786 20855  3208  2995
20856 20857  3212  3209
20857 20790  3104  3212
20875  3135 20806  3137
27221  3254  3254 20881
20882  3364 20942  3360
 3259  3368 20945 20944
 3266  3269 20949 20947
 3269  3272 20951 20949
20907 20846  3194  3413
20911  3315 20782  3098
 3424 20911 20917 20918
20942  3360 20882  3364
20944 20942  3364 20884
20945 20944  3259  3368
20947 20945  3368  3266
20949 20947  3266  3269
20951 20949  3269  3272
 3482 20951  3272 20953
 3272 20953  3482 20951
20953  3486 21065  3482
20972 20907  3413  3415
 3529 20972  3415 21029
 3418  3529 21029 21032
 3420  3418 21032 21031
20980 20979  3317  3533
20979 20856  3209  3317
20918  3322 21038  3424
 3415 21029  3529 20972
21032 21031  3420  3418
 3532  3531 21084 21085
21038  3424 20918  3322
 3322  3635 21087 21038
21065  3482 20953  3486
 3688 21065  3486 21067
21029 21032  3418  3529
21031 21084  3531  3420
21084 21085  3532  3531
21085 20980  3533  3532
21087 21038  3322  3635
 3689  3688 21067 21115
21067 21115  3689  3688
 3789  3703 21207 21205
 3635  3729 21187 21087
 3888  3689 21115 21169
 3786  3789 21205 21206
21187 21087  3635  3729
 4117 21187  3729 21231
 3890  3786 21206 21252
21207 21205  3789  3703
 3985 21207  3703 21210
 3729 21231  4117 21187
21252  3888 21169  3890
21206 21252  3890  3786
 3988  3985 21210 21262
 4090  3994 21355 21309
 4097  4199 21365 21364
21305  3988 21262  3990
21308 21305  3990  3992
21309 21308  3992  4090
 3999  4097 21364 21361
 4199  4098 21366 21365
 4116  4117 21231 21321
21231 21321  4116  4117
21355 21309  4090  3994
 3994  4286 21403 21355
 4286  4091 21405 21403
 4091  4196 21360 21405
21361 21360  4196  3999
21364 21361  3999  4097
21365 21364  4097  4199
21366 21365  4199  4098
 4296 21366  4098 21369
 4098 21369  4296 21366
21321  4318 21428  4116
21405 21403  4286  4091
21360 21405  4091  4196
 4403  4296 21369 21411
21369 21411  4403  4296
21428  4116 21321  4318
 4318  4523 21482 21428
21411  4404 21523  4403
21482 21428  4318  4523
21526 21523  4404  4406
 4406  4600 21588 21526
21588 21526  4406  4600
 4600  4508 21645 21588
 4812 21482  4523 21600
 4523 21600  4812 21482
21645 21588  4600  4508
 4702  4796 21710 21707
21707 21645  4508  4702
21710 21707  4702  4796
 4957  4958 21797 21796
 4965  5071 21839 21838
 4796  5004 21813 21710
 5014  4812 21600 21771
21600 21771  5014  4812
21796  5144 21835  4957
21797 21796  4957  4958
 4963 21797  4958 21798
 4958 21798  4963 21797
21798  4965 21838  4963
 5071  4864 21841 21839
 4864  5074 21844 21841
 5196  5002 21870 21871
 5002 21813 21872 21870
21813 21710  4796  5004
 5004  5006 21874 21872
21835  4957 21796  5144
21838  4963 21798  4965
21839 21838  4965  5071
21841 21839  5071  4864
21844 21841  4864  5074
 5156  5157 21896 21897
21870 21871  5196  5002
21872 21870  5002 21813
21874 21872  5004  5006
 5208  5014 21771 21878
21771 21878  5208  5014
 5144  5062  5062 21835
21896 21897  5156  5157
21897 21844  5074  5156
 5158 21896  5157 21899
 5292  5302 21912 21967
 5302  5196 21871 21912
 5202 21874  5006 21919
21953  5158 21899  5370
 5370  5269 21997 21953
 5486  5292 21967 22013
21912 21967  5292  5302
21919  5407 22025  5202
 5407  5311 22071 22025
 5311  5409 22072 22071
 5409  5316 22074 22072
21878 21974  5316  5208
21974  5510 22077 22074
21997 21953  5370  5269
21967 22013  5486  5292
22025  5202 21919  5407
 5510  5512 22076 22077
 5573 21997  5269 22049
 5269 22049  5573 21997
 5583  5685 22105 22106
22013 22062  5585  5486
 5585  5486 22013 22062
22071 22025  5407  5311
22072 22071  5311  5409
22074 22072  5409  5316
22076 22077  5510  5512
 5482  5683 22154 22152
 5683  5583 22106 22154
22105 22106  5583  5685
 5685  5795 22108 22105
 5795  5585 22062 22108
22077 22074 21974  5510
 5718 22076  5512 22121
 5512 22121  5718 22076
22148  5573 22049  5574
 5781  5783 22194 22195
 5783  5680 22196 22194
 5680  5682 22153 22196
 5682  5482 22152 22153
22152 22153  5682  5482
22154 22152  5482  5683
22106 22154  5683  5583
22108 22105  5685  5795
 5780 22148  5574 22193
22193  5781 22195  5780
22194 22195  5781  5783
22153 22196  5680  5682
 6023  5718 22121 22214
22121 22214  6023  5718
22195  5780 22193  5781
22214  5931 22307  6023
22307  6023 22214  5931
 5931  6235 22346 22307
22346 22307  5931  6235
 6235  6236 22393 22346
22393 22346  6235  6236
 6443 22393  6236 22431
 6236 22431  6443 22393
 6677  6443 22431 22543
22431 22543  6677  6443
22543  6798 22643  6677
 6896 22643  6798 22645
 6798 22645  6896 22643
 6997  6998 22800 22798
 6971 22734  7101  6971
 6973  6972 22783 22786
 6995  7255 22797 22796
 7255  6997 22798 22797
 6998  7119 22801 22800
 7119  7122 22802 22801
 7122  7123 22803 22802
 7144  6896 22645 22748
22645 22748  7144  6896
22786  7402 22787  6973
22787  6973 22786  7402
22797 22796  6995  7255
22798 22797  7255  6997
22800 22798  6997  6998
22801 22800  6998  7119
22802 22801  7119  7122
22803 22802  7122  7123
 7123  7264 22854 22803
22748  7146 22863  7144
 7406 22787  7402 22909
22796 22850  7251  6995
22854 22803  7123  7264
22855 22854  7264  7265
 7264  7265 22855 22854
22856 22855  7265  7267
 7265  7267 22856 22855
22857 22856  7267  7132
 7132  7436 22920 22857
 7440  7445 22923 22924
 7445  7447 22925 22923
 7447 22863 22926 22925
22863  7144 22748  7146
 7402 22909  7406 22787
 7410  7406 22909 22984
 7417  7251 22850 22915
22850 22915  7417  7251
22920 22857  7132  7436
22921 22920  7436  7439
 7436  7439 22921 22920
 7439  7440 22924 22921
22923 22924  7440  7445
22925 22923  7445  7447
22926 22925  7447 22863
 7451 22926  7146 22927
 7146 22927  7451 22926
22909 22984  7410  7406
22924 22921  7439  7440
 7667  7781 23082 23043
22984  7667 23043  7410
23043  7410 22984  7667
 7678  7417 22915 23046
 7833  7451 22927 23057
22927 23057  7833  7451
 7781  7778 23080 23082
 7778  7780 23081 23080
 7780  7779 23083 23081
23081 23080  7778  7780
23080 23082  7781  7778
23083 23081  7780  7779
 7779  7785 23086 23083
23086 23083  7779  7785
 7881 23086  7785 23087
 7785 23087  7881 23086
 7887  7790 23124 23121
 7790  7792 23125 23124
 7796  7678 23046 23091
23087  7887 23121  7881
23124 23121  7887  7790
23139  7833 23057  7712
 7929 23139  7712 23140
 8002  8079 23186 23184
23184  7929 23140  8002
23186 23184  8002  8079
 8157 23186  8079 23188
 8079 23188  8157 23186
23188  8161 23230  8157
23232 23233  8236  8238
 8236  8238 23232 23233
23233 23230  8161  8236
 8394 23232  8238 23254
 8238 23254  8394 23232
23254  8399 23292  8394
23292  8394 23254  8399
 8399  8537 23308 23292
23308 23292  8399  8537
 8620 23308  8537 23340
 8537 23340  8620 23308
 8771  8620 23340 23354
23340 23354  8771  8620
23354  8839 23409  8771
 8839  8993 23410 23409
23409  8771 23354  8839
23410 23409  8839  8993
 8993  9130 23450 23410
23450 23410  8993  9130
 9130  9206 23490 23450
23490 23450  9130  9206
 9206  9208 23512 23490
23512 23490  9206  9208
23513 23512  9208  9284
23546 23513  9284  9430
 9582 23546  9430 23563
 9430 23563  9582 23546
 9731  9582 23563 23612
23563 23612  9731  9582
23612  9874 23653  9731
23674 23653  9874  9804
 9881 23674  9804 23675
 9804 23675  9881 23674
23675 10028 23735  9881
23735  9881 23675 10028
10028 10159 23759 23735
10159 10310 23775 23759
23775 23759 10159 10310
10310 10313 23791 23775
10313 10314 23793 23791
23791 23775 10310 10313
23793 23791 10313 10314
10534 23793 10314 23812
10314 23812 10534 23793
23812 10540 23853 10534
23853 10534 23812 10540
10540 10542 23874 23853
23874 23853 10540 10542
23895 23874 10542 10760
10764 10850 23938 23937
10850 10772 23941 23938
23937 23895 10760 10764
23938 23937 10764 10850
23941 23938 10850 10772
10772 10929 23964 23941
23964 23941 10772 10929
10929 11000 23988 23964
23988 23964 10929 11000
10930 11003 24013 23989
24013 23989 10930 11003
11176 24013 11003 24014
11003 24014 11176 24013
24034 11176 24014 11178
24014 11178 24034 11176
11178 11251 24052 24034
24052 24034 11178 11251
11332 24052 11251 24053
11251 24053 11332 24052
11410 11332 24053 24095
24095 11645 24107 11410
24107 11410 24095 11645
11803 24107 11645 24150
11645 24150 11803 24107
24150 11881 24188 11803
24188 11803 24150 11881
11881 11883 24209 24188
11883 11887 24229 24209
24209 24188 11881 11883
11887 12029 24230 24229
24229 24209 11883 11887
24230 24229 11887 12029
12107 24230 12029 24246
12029 24246 12107 24230
24311 24310 12181 12258
24310 12107 24246 12181
12258 24330 12347 24311
24330 12429 24366 12347
12429 12510 24387 24366
12510 12671 24408 24387
24387 24366 12429 12510
24408 24387 12510 12671
12749 24408 12671 24409
12671 24409 12749 24408
12896 12749 24409 24452
24409 24452 12896 12749
13057 12896 24452 24496
24452 24496 13057 12896
13062 13063 24543 24542
24496 13062 24542 13057
24543 24542 13062 13063
13301 24543 13063 24544
13063 24544 13301 24543
24542 13057 24496 13062
24544 13368 24587 13301
24587 13301 24544 13368
13368 13370 24629 24587
13370 13372 24632 24629
13372 13458 24633 24632
24629 24587 13368 13370
24632 24629 13370 13372
24633 24632 13372 13458
13529 24633 13458 24634
13458 24634 13529 24633
24634 13530 24668 13529
24668 13529 24634 13530
13530 13746 24689 24668
24689 24668 13530 13746
24709 24689 13746 13748
13821 24709 13748 24710
13748 24710 13821 24709
13823 13821 24710 24735
24710 24735 13823 13821
24735 14044 24769 13823
24769 13823 24735 14044
14044 14050 24791 24769
24791 24769 14044 14050
24792 24791 14050 13981
14050 13981 24792 24791
13981 14132 24814 24792
24814 24792 13981 14132
14132 14206 24842 24814
24842 24814 14132 14206
14357 24842 14206 24882
14206 24882 14357 24842
14513 14357 24882 24923
24882 24923 14513 14357
24923 14518 24946 14513
14518 14588 24947 24946
14588 14589 24971 24947
24946 14513 24923 14518
24947 24946 14518 14588
24971 24947 14588 14589
24973 24971 14589 14662
14820 24973 14662 25000
14662 25000 14820 24973
25000 14963 25046 14820
25046 14820 25000 14963
15038 25046 14963 25063
25063 15185 25111 15038
25111 15038 25063 15185
25156 25111 15185 15259
15338 25156 15259 25174
15259 25174 15338 25156
15612 15338 25174 25215
25174 25215 15612 15338
25215 15614 25272 15612
25272 15612 25215 15614
15739 25272 15614 25273
15614 25273 15739 25272
25273 15818 25323 15739
15818 15824 25349 25323
15824 15827 25326 25349
25323 15739 25273 15818
25325 25326 15827 15749
15897 25325 15749 25328
15749 25328 15897 25325
25328 15898 25365 15897
25349 25323 15818 15824
25326 25349 15824 15827
15898 15972 25366 25365
15972 15974 25367 25366
25365 15897 25328 15898
25366 25365 15898 15972
25367 25366 15972 15974
15974 15975 25397 25367
15975 16107 25400 25397
16109 15980 25374 25401
25373 25374 15980 15910
15980 15910 25373 25374
25397 25367 15974 15975
25400 25397 15975 16107
25374 25401 16109 15980
16047 25373 15910 25403
15910 25403 16047 25373
25401 25400 16107 16109
16202 16047 25403 25431
25403 25431 16202 16047
16339 16202 25431 25476
25476 16274 25494 16339
16274 16276 25495 25494
25494 16339 25476 16274
25495 25494 16274 16276
16419 25495 16276 25496
16276 25496 16419 25495
16506 16419 25496 25521
25521 16505 25550 16506
25550 16506 25521 16505
16505 16509 25577 25550
25577 25550 16505 16509
25594 16723 25618 16649
16509 25594 16649 25577
25618 16649 25594 16723
16723 16794 25634 25618
16794 16796 25661 25634
25634 25618 16723 16794
16796 16868 25662 25661
25661 25634 16794 16796
25662 25661 16796 16868
16941 25662 16868 25689
17165 16941 25689 25731
25760 17165 25731 17168
17171 25760 17168 25761
17168 25761 17171 25760
25761 17249 25813 17171
17249 17405 25815 25813
25813 17171 25761 17249
25815 25813 17249 17405
17405 17312 25888 25815
17410 17411 25854 25890
17411 17415 25853 25854
25853 25854 17411 17415
17414 25853 17415 25858
25888 25815 17405 17312
25889 25888 17312 17559
17559 17410 25890 25889
25890 25889 17559 17410
25854 25890 17410 17411
25895 17414 25858 17486
17489 25895 17486 25899
17486 25899 17489 25895
17634 17637 25955 25956
17570 17571 25934 25933
25899 25931 17571 17489
17637 17570 25933 25955
25931 17572 25935 25934
25934 25933 17570 17571
25935 25934 25931 17572
25955 25956 17634 17637
25933 25955 17637 17570
17642 25935 17572 25959
17572 25959 17642 25935
25956 25990 17752 17634
17703 17809 26046 26012
17856 17752 25990 26030
25990 26030 17856 17752
17809 17859 26045 26046
26045 26046 17809 17859
18015 17856 26030 26077
26030 26077 18015 17856
17859 17961 26099 26045
26099 26045 17859 17961
18013 18015 26077 26114
17961 18063 26115 26099
26115 26099 17961 18063
18113 18013 26114 26133
26114 26133 18113 18013
18063 18154 26145 26115
26145 26115 18063 18154
18153 18113 26133 26160
18154 18234 26183 26145
26160 26200 18229 18153
18234 18274 26225 26183
18272 18229 26200 26223
18274 18351 26273 26225
18383 18272 26223 26271
26223 26271 18383 18272
26328 26273 18351 18461
26348 18431 26296 18432
18530 26348 18432 26371
18432 26371 18530 26348
18461 18534 26376 26328
18568 18530 26371 26416
26371 26416 18568 18530
26441 26376 18534 18571
26416 26460 18706 18568
18571 18671 26464 26441
26464 26441 18571 18671
18708 18706 26460 26511
26515 26464 18671 18740
18832 18773 26536 26563
26536 26563 18832 18773
18802 26515 18740 26580
18740 26580 18802 26515
26628 18802 26580 18900
19003 19002 26707 26668
26763 26707 19002 19080
19080 19112 26795 26763
19139 26795 19112 19139
   48    49 19264    48
   98   101 19275 19272
19257    64 19239    67
19267 19266    94    60
19272 19271    97    98
19370   339 19388   303
19388   303 19370   339
  429   430 19427 19428
  390 19430   474 19404
19441   426 19440   514
  558   557 19479 19499
19463 19503   667   522
  650   689 19519 19538
  549   606 19494 19492
  607   608 19522 19523
  597   650 19538 19536
19566   813 19598   812
  795   796 19594 19560
19598   812 19566   813
19599 19630   967 19628
  827   924 19660   827
19681 19683  1085   981
  924 19681   981 19660
 1257  1259 19807 19805
 1259 19809  1341 19807
19757 19814  1347  1191
19819  1209  1209  1215
 1288 19819  1215 19822
 1295  1296 19828 19827
 1294 19829  1297  1294
 1467 19919  1548 19954
 1549  1553 19957 19952
19915  1543 19947  1460
 1548 19954  1467 19919
 1615 20025  1776 19958
 1709 20073  1866 20029
 1543 20017  1766 19947
20025 20063  1779  1776
20063 20065  1780  1779
20065 20066  1623  1780
 1963  1866 20073 20150
20139  2021 20172  1847
 2196 20145  2034 20213
 2224  2133 20308 20307
 2191 20257  2194 20212
20213  2279 20263  2196
20262  2194 20257  2111
 2021 20290  2177 20172
20229 20309  2302  2136
 2529  2445 20327 20421
20337 20262  2111  2278
 2280  2541 20339 20299
20266 20341  2373  2374
 2508  2590 20460 20410
 2423  2508 20410 20408
20327 20421  2529  2445
20290 20327  2445  2177
 2496  2573 20447 20448
 2583  2683 20510 20512
 2586  2584 20513 20515
 2688  2586 20515 20519
 2592  2423 20408 20409
 2544 20429 20341 20430
 2571  2569 20500 20502
20451 20452  2412  2410
 2636  2840 20634 20636
 2642  2740 20640 20568
20504  2784 20657  2781
 2499 20504  2781 20450
20509 20510  2683  2581
20519 20460  2590  2688
20596  2591 20461  2691
 2792 20599  2896 20597
 3002  2997 20789 20788
 2899  3140 20810 20738
 3140  3034 20813 20810
 2824  2958  2958 20627
 2723  2824 20627 20477
 2958 20627  2824  2958
20642  3096 20779  2985
 2999  3106 20793 20785
 3106  3003 20794 20793
 3003  3215 20795 20794
 3134 20806  3135 20804
20738  2896 20599  2899
 3315 20780  2988 20782
 3098  3208 20855 20917
20782  3098 20911  3315
 3208  2995 20786 20855
 3212  3209 20856 20857
 3104  3212 20857 20790
20788 20795  3215  3002
20810 20738  2899  3140
 3254 20881 27221  3254
20812 20813  3034  3141
 3360 27218 27220 27219
27218 20875  3137 27220
20881 20882 27219 27221
27220 27219  3360 27218
27219 27221 20881 20882
 3137 27220 27218 20875
20884 20812  3141  3259
 3364 20884 20944 20942
 3368  3266 20947 20945
 3194  3413 20907 20846
 3317  3533 20980 20979
20917 20918  3424 20911
20855 20917  3098  3208
 3413  3415 20972 20907
 3531  3420 21031 21084
 3533  3532 21085 20980
 3486 21067  3688 21065
21115 21169  3888  3689
 3703 21210  3985 21207
21169  3890 21252  3888
21205 21206  3786  3789
21210 21262  3988  3985
 3990  3992 21308 21305
 3992  4090 21309 21308
21262  3990 21305  3988
 4196  3999 21361 21360
21403 21355  3994  4286
21523  4403 21411  4404
 4404  4406 21526 21523
 4508  4702 21707 21645
 5074  5156 21897 21844
 5006 21919  5202 21874
 5062 21835  5144  5062
 5157 21899  5158 21896
21899  5370 21953  5158
21871 21912  5302  5196
 5316  5208 21878 21974
22049  5574 22148  5573
22062 22108  5795  5585
 5574 22193  5780 22148
22196 22194  5783  5680
22643  6677 22543  6798
 7101  6971  6971 22734
 6972  7101 22734 22783
22783 22786  6973  6972
22734 22783  6972  7101
 7251  6995 22796 22850
 7267  7132 22857 22856
 7792  7796 23091 23125
22915 23046  7678  7417
23057  7712 23139  7833
23082 23043  7667  7781
23046 23091  7796  7678
23121  7881 23087  7887
23125 23124  7790  7792
23091 23125  7792  7796
 7712 23140  7929 23139
23140  8002 23184  7929
 8161  8236 23233 23230
23230  8157 23188  8161
 9208  9284 23513 23512
 9284  9430 23546 23513
 9874  9804 23674 23653
23653  9731 23612  9874
23759 23735 10028 10159
10542 10760 23895 23874
10760 10764 23937 23895
11000 10930 23989 23988
23989 23988 11000 10930
24053 24095 11410 11332
24246 12181 24310 12107
12181 12258 24311 24310
12347 24311 12258 24330
24366 12347 24330 12429
13746 13748 24709 24689
14589 14662 24973 24971
14963 25063 15038 25046
15185 15259 25156 25111
15827 15749 25325 25326
16107 16109 25401 25400
25431 25476 16339 16202
25496 25521 16506 16419
16649 25577 16509 25594
16868 25689 16941 25662
25689 25731 17165 16941
25731 17168 25760 17165
17312 17559 25889 25888
25858 17486 25895 17414
17415 25858 17414 25853
17571 17489 25899 25931
17752 17634 25956 25990
26046 26012 17703 17809
26133 26160 18153 18113
18229 18153 26160 26200
26183 26145 18154 18234
26200 26223 18272 18229
26225 26183 18234 18274
26273 26225 18274 18351
18431 18383 26271 26296
26271 26296 18431 18383
18351 18461 26328 26273
26296 18432 26348 18431
26376 26328 18461 18534
18534 18571 26441 26376
18706 18568 26416 26460
26460 26511 18708 18706
18671 18740 26515 26464
18773 18708 26511 26536
26511 26536 18773 18708
28003 18832 26563 28004
18869 28003 28004 18869
26580 18900 26628 18802
18900 19003 26668 26628
26668 26628 18900 19003
26707 26668 19003 19002
19002 19080 26763 26707
26795 26763 19080 19112
28004 18869 18869 28003
26563 28004 28003 18832
19112 19139 19139 26795
28176 34391 28168 28176
28343 28291 34494 34491
34494 34491 28343 28291
34491 28385 34578 28343
28385 34582 28426 34578
34582 28425 34660 28426
34659 34660 28425 28466
28466 28464 34704 34659
28503 34704 28464 34707
34704 34659 28466 28464
28464 34707 28503 34704
28600 28503 34707 34742
28651 28600 34742 34781
28698 34912 38458 34874
34912 34951 28801 38458
28760 34026 34926 35000
34049 34926 34026 37938
28850 28801 34951 34989
28983 28850 34989 35022
35085 28760 35047 29002
35047 29002 35085 28760
29003 35047 35000 35048
35000 35048 29003 35047
29049 29001 35121 35122
29039 28983 35022 35105
28998 29049 35122 35167
29002 35121 29001 35085
29050 29003 35048 35124
35155 29039 35105 29096
35167 35166 29109 28998
35122 35167 28998 29049
35170 35077 29112 29116
29119 29180 35264 35267
29222 35155 29096 35195
29174 35170 29116 35318
29176 29174 35318 35320
29183 29119 35267 35268
29115 35259 29245 35217
29247 29176 35320 35265
35265 35264 29180 29247
35264 35267 29119 29180
35268 35270 29252 29183
29383 29380 35383 35388
29261 29192 35278 35279
35278 35279 29261 29192
29289 29222 35195 35294
29304 35310 29303 35309
29318 29252 35270 35331
29380 29318 35331 35383
29258 29383 35388 35339
35339 35278 29192 29258
29442 29261 35279 35390
29427 29361 35314 35368
35388 35339 29258 29383
35279 35390 29442 29261
29540 29289 35294 35401
35294 35401 29540 29289
29423 29303 35310 35468
29428 29427 35368 35422
35368 35422 29428 29427
35383 35388 29383 29380
29600 29442 35390 35501
29487 29428 35422 35471
35422 35471 29487 29428
29551 29423 35468 35531
35468 35531 29551 29423
35471 35536 29559 29487
29602 29600 35501 35626
29722 29540 35401 35638
29637 29551 35531 35579
35531 35579 29637 29551
29747 29559 35536 35589
35536 35589 29747 29559
29699 29602 35626 35729
29832 29637 35579 35648
35579 35648 29832 29637
29746 29747 35589 35657
35589 35657 29746 29747
35626 35729 29699 29602
29833 29746 35657 35748
35648 29903 35782 29832
35748 35786 29976 29833
29935 29699 35729 35849
30050 35782 29903 35829
29903 35829 30050 35782
30044 29976 35786 35831
35729 35849 29935 29699
30034 35822 29962 35862
30082 29935 35849 35887
30183 30044 35831 35909
35831 35909 30183 30044
30181 30050 35829 35952
30173 30172 35946 35947
35946 35947 30173 30172
35862 35946 30172 30034
35829 35952 30181 30050
35969 30082 35887 30208
30313 30181 35952 35987
35952 35987 30313 30181
30314 30183 35909 35989
30417 30173 35947 36042
35947 36042 30417 30173
36061 30314 35989 30377
30402 35969 30208 36144
36098 36061 30377 30438
30515 30313 35987 36099
35987 36099 30515 30313
36144 30770 36238 30402
30208 36144 30402 35969
30574 30505 36213 36169
36169 36098 30438 30574
30649 30727 36258 36209
30659 30515 36099 36222
36238 30402 36144 30770
36269 30659 36222 30736
30846 36238 30770 36340
30796 30719 36250 36303
36327 36269 30736 30806
30736 30806 36327 36269
30770 36340 30846 36238
36351 30796 36303 30865
30880 36327 30806 36368
30806 36368 30880 36327
30868 30946 36448 36447
36415 30880 36368 30956
36340 36436 31001 30846
30946 36351 30865 36448
30956 31114 36463 36415
36463 36415 30956 31114
36436 36518 31166 31001
31114 31278 36536 36463
36536 36463 31114 31278
36575 36536 31278 31443
31278 31443 36575 36536
31167 31575 36700 36554
31519 31593 36752 36753
31687 31875 36828 36788
31593 31687 36788 36752
31666 31957 36823 36779
36823 36779 31666 31957
31957 31955 36918 36823
31965 31780 36963 36922
31875 31965 36922 36828
32009 32011 36940 36939
32011 32015 36943 36940
36918 36823 31957 31955
31780 32071 36962 36963
36922 36828 31875 31965
32004 32006 36938 36980
32006 32009 36939 36938
36939 36938 32006 32009
36940 36939 32009 32011
36943 36940 32011 32015
32108 36945 32014 36987
36945 36943 32015 32014
36955 36918 31955 32202
31955 32202 36955 36918
36963 36922 31965 31780
32095 32004 36980 36981
36980 36981 32095 32004
36938 36980 32004 32006
32014 36987 32108 36945
36987 32109 36988 32108
36988 32108 36987 32109
32202 32337 37024 36955
37024 36955 32202 32337
32071 32347 37032 36962
32347 32544 37132 37032
32255 32095 36981 37050
36981 37050 32255 32095
32269 36988 32109 37110
32272 32269 37110 37148
32377 32255 37050 37105
32481 32272 37148 37149
37132 37032 32347 32544
32544 32693 37179 37132
32469 32377 37105 37196
37110 37148 32272 32269
37148 37149 32481 32272
32337 32524 37168 37024
37168 37024 32337 32524
37179 37132 32544 32693
32718 32639 37238 37274
32639 32640 37237 37238
32640 32641 37239 37237
32641 32469 37196 37239
37105 37196 32469 32377
37149 32646 37198 32481
37198 32481 37149 32646
32650 37198 32646 37243
32574 32650 37243 37245
32629 32703 37298 37297
32638 32718 37274 37337
37237 37238 32639 32640
32646 37243 32650 37198
37245 32738 37247 32574
37247 32574 37245 32738
32655 37247 32738 37280
32656 32655 37280 37282
37258 37257 32665 32593
32665 32593 37258 37257
32748 32665 37257 37285
32693 32697 37295 37179
32703 32784 37300 37298
37238 37274 32718 32639
37239 37237 32640 32641
32738 37280 32655 37247
37280 37282 32656 32655
32808 32656 37282 37314
32593 32745 37284 37258
37284 37258 32593 32745
37257 37285 32748 32665
32818 32748 37285 37349
32763 32892 37357 37291
37291 37216 32764 32763
32764 32763 37291 37216
37295 37179 32693 32697
37297 37295 32697 32629
37300 37298 32703 32784
37282 37314 32808 32656
32809 32808 37314 37345
32875 32809 37345 37346
32813 32875 37346 37316
32745 32813 37316 37284
37316 37284 32745 32813
32821 32818 37349 37350
32925 32787 37338 37371
37337 37338 32787 32638
37314 37345 32809 32808
37345 37346 32875 32809
37346 37316 32813 32875
37285 37349 32818 32748
37349 37350 32821 32818
32964 32821 37350 37383
32887 32884 37387 37386
32966 32964 37383 37385
32975 32887 37386 37388
32892 32891 37390 37357
32848 32921 37404 37367
32921 32926 37372 37404
32926 32925 37371 37372
37338 37371 32925 32787
37350 37383 32964 32821
37383 37385 32966 32964
37387 37386 32887 32884
32886 32969 37419 37420
33041 32966 37385 37423
32969 33041 37423 37419
37386 37388 32975 32887
32891 32975 37388 37390
37404 37367 32848 32921
37372 37404 32921 32926
37423 37419 32969 33041
34926 35000 28760 34026
37909 28663 37924 34039
37938 34046 37922 34049
28291 38155 38157 34494
38157 34494 28291 38155
38155 28168 34391 38157
34391 38157 38155 28168
34578 28343 34491 28385
28426 34578 28385 34582
28425 28466 34659 34660
34660 28426 34582 28425
34707 34742 28600 28503
34781 28698 34874 28651
34742 34781 28651 28600
38420 37873 34013 38419
37918 38420 38419 34036
34039 37918 34036 37909
34874 28651 34781 28698
37924 34039 37909 28663
37930 37924 28663 34043
28663 34043 37930 37924
38458 34874 28698 34912
28801 38458 34912 34951
34046 37930 34043 37922
34989 35022 28983 28850
34951 34989 28850 28801
39601 29112 35077 35078
35022 35105 29039 28983
35121 35122 29049 29001
35124 29115 35217 29050
35048 35124 29050 29003
29096 35195 29222 35155
35105 29096 35155 29039
29109 28998 35167 35166
29180 29247 35265 35264
29192 29258 35339 35278
29242 29109 35166 35211
35211 29304 35309 29242
35166 35211 29242 29109
35217 29050 35124 29115
29245 35217 29115 35259
29252 29183 35268 35270
35267 35268 29183 29119
35195 35294 29289 29222
35309 29242 35211 29304
29303 35309 29304 35310
29361 29245 35259 35314
35259 35314 29361 29245
29116 35318 29174 35170
35320 35265 29247 29176
35318 35320 29176 29174
35270 35331 29318 29252
35314 35368 29427 29361
29112 29116 35170 35077
35331 35383 29380 29318
35310 35468 29423 29303
35390 35501 29600 29442
29559 29487 35471 35536
35501 35626 29602 29600
35822 29722 35638 29962
35657 35748 29833 29746
35638 29962 35822 29722
35401 35638 29722 29540
29976 29833 35748 35786
35782 29832 35648 29903
35786 35831 30044 29976
30172 30034 35862 35946
29962 35862 30034 35822
35849 35887 30082 29935
35989 30377 36061 30314
35909 35989 30314 30183
35887 30208 35969 30082
30377 30438 36098 36061
36042 30641 36248 30417
30505 30649 36209 36213
30438 30574 36169 36098
36248 30417 36042 30641
30719 36248 30641 36250
36099 36222 30659 30515
30648 30646 36315 36257
30727 30648 36257 36258
36209 36213 30505 30649
36258 36209 30649 30727
36222 30736 36269 30659
36250 36303 30796 30719
30641 36250 30719 36248
30724 30722 36358 36314
30646 30724 36314 36315
36257 36258 30727 30648
36213 36169 30574 30505
36315 36257 30648 30646
36314 36315 30646 30724
36303 30865 36351 30796
30870 30948 36450 36357
30722 30870 36357 36358
36358 36314 30724 30722
36357 36358 30722 30870
31033 30868 36447 36449
30948 31033 36449 36450
36368 30956 36415 30880
36450 36357 30870 30948
36449 36450 30948 31033
30865 36448 30946 36351
36447 36449 31033 30868
36448 36447 30868 30946
36518 31167 36554 31166
31356 31519 36753 36666
31443 31356 36666 36575
36666 36575 31443 31356
36753 36666 31356 31519
36752 36753 31519 31593
31575 31666 36779 36700
36779 36700 31575 31666
36788 36752 31593 31687
36828 36788 31687 31875
32015 32014 36945 36943
36962 36963 31780 32071
37032 36962 32071 32347
37050 37105 32377 32255
32109 37110 32269 36988
32524 32764 37216 37168
37216 37168 32524 32764
32697 32629 37297 37295
37196 37239 32641 32469
37243 37245 32574 32650
37298 37297 32629 32703
32787 32638 37337 37338
37274 37337 32638 32718
32884 32886 37420 37387
32784 32848 37367 37300
37357 37291 32763 32892
37367 37300 32784 32848
37371 37372 32926 32925
37390 37357 32892 32891
37419 37420 32886 32969
37420 37387 32884 32886
37385 37423 33041 32966
37388 37390 32891 32975
28168 28176 28176 34391
35077 35078 39601 29112
35078 39600 39628 39601
39628 39601 35078 39600
39600 28810 28810 39628
28810 39628 39600 28810
38419 34036 37918 38420
34013 38419 38420 37873
34026 37938 34049 34926
29001 35085 29002 35121
34036 37909 34039 37918
37922 34049 37938 34046
34043 37922 34046 37930
39918 34194 29752 41473
34122 39984 40265 34299
39984 19144 34292 40265
19144 18235 34126 34292
18235 39857 39810 34126
39857 19185 28664 39810
19185 19187 28714 28664
19187 19190 28759 28714
19190 18501 34143 28759
18501 18538 34154 34143
18538 18580 34165 34154
18580 18677 34169 34165
18677 18714 34175 34169
18714 18780 34176 34175
18780 18808 34182 34176
18808 18906 34185 34182
18906 18904 34192 34185
18904 18940 34198 34192
18940 18938 34197 34198
18938 19011 34203 34197
19011 19035 34204 34203
19035 19065 34207 34204
19065 19086 34209 34207
19086 19208 30299 34209
19208 19210 30298 30299
19210 19209 30426 30298
19209 19215 30425 30426
19215 19214 30424 30425
19214 19221 30504 30424
19221 19213 30569 30504
19213 19212 30420 30569
19212 19219 30645 30420
19219 19143 34217 30645
19143 19220 30723 34217
19220 19224 30643 30723
19224 19223 30642 30643
19223 19222 30640 30642
19222 19217 30639 30640
19217 19216 30636 30639
19216 19218 30498 30636
19218 19211 30415 30498
19211 19207 30293 30415
19207 19205 30169 30293
19205 19206 30170 30169
19206 19204 30033 30170
19204 19203 29895 30033
19203 18968 34201 29895
18968 18899 34200 34201
18899 28090 39873 34200
28090 19198 29539 39873
19198 27972 39869 29539
27972 19196 29343 39869
19196 19195 29287 29343
19195 19193 29218 29287
19193 19192 29035 29218
19192 18572 34162 29035
18572 19191 28979 34162
19191 19189 28909 28979
19189 19188 28798 28909
19188 19186 28741 28798
19186 19184 28693 28741
19184 19183 28647 28693
19183 19182 28646 28647
19182 18233 34123 28646
18233 19181 28548 34123
19181 19180 28499 28548
19180 19179 28421 28499
19179 19178 28379 28421
19178 19177 28335 28379
26077 26114 18013 18015
19177 27838 39849 28335
27838 19176 28282 39849
19176 19175 28103 28282
19175 19173 28098 28103
19173 27827 39844 28098
27827 19170 28093 39844
19170 19171 28097 28093
19171 19172 28094 28097
19172 19174 28095 28094
40190 17642 25959 40191
19174 25993 34092 28095
25993 40190 40191 17704
40191 17704 25993 40190
25959 40191 40190 17642
17704 40193 40194 26013
40193 17703 26012 40194
40194 26013 17704 40193
26012 40194 40193 17703
26013 17810 34093 34092
17810 17861 34100 34093
17861 17963 34109 34100
17963 18067 34112 34109
18067 18066 34116 34112
18066 27850 39851 34116
27850 18275 34118 39851
18275 27862 39858 34118
27862 18315 34127 39858
18315 27877 39859 34127
27877 18437 34135 39859
18437 27921 39862 34135
27921 27922 39861 39862
27922 27923 39860 39861
27923 18578 34145 39860
18578 27936 39867 34145
27936 19194 29162 39867
19194 27950 39868 29162
27950 19197 29240 39868
19197 27965 39870 29240
27965 19199 29357 39870
19199 27983 39871 29357
27983 19200 29486 39871
19200 18845 34184 29486
18845 28014 39874 34184
28014 18879 34189 39874
18879 19201 29750 34189
19201 19225 29843 29750
19225 39911 39805 29843
39911 19202 34023 39805
19202 28025 39878 34023
28025 39918 41473 39878
39721 28517 34121 39912
28517 40270 40271 37874
40270 34013 37873 40271
40271 37874 28517 40270
37873 40271 40270 34013
37874 28564 34125 34121
28564 28562 34124 34125
28562 28611 34129 34124
28611 28661 34132 34129
28661 28711 34134 34132
28711 28818 34138 34134
28818 39864 38556 34138
39864 28923 34142 38556
28923 28922 34141 34142
28922 28921 34149 34141
28921 28994 34148 34149
28994 38618 39866 34148
38618 28920 34147 39866
28920 28992 34152 34147
28992 29045 34163 34152
29045 29163 34168 34163
29163 29235 34171 34168
29235 29351 34173 34171
29351 29421 34178 34173
29421 29556 34181 34178
29556 29743 34188 34181
29743 29838 34191 34188
29838 29828 34196 34191
29828 29971 34195 34196
29971 30115 34202 34195
30115 30109 34206 34202
30109 30176 34208 34206
30176 30308 34210 34208
30308 30517 34212 34210
30517 34215 30521 34212
34215 34218 30669 30521
34218 34220 30743 30669
34220 39880 39595 30743
39880 34222 30971 39595
34222 34224 31051 30971
34224 31206 34223 31051
31206 31291 34226 34223
31291 31375 34227 34226
31375 31453 34229 34227
31453 31456 34228 34229
31456 31609 34232 34228
31609 31796 34234 34232
31796 39882 39424 34234
39882 32238 34237 39424
32238 32364 34239 34237
32364 32558 34242 34239
32558 32714 34244 34242
32714 32853 34245 34244
32853 32927 34248 34245
32927 33156 34250 34248
33156 33158 34253 34250
33158 33224 34254 34253
33224 33293 34256 34254
33293 33460 34258 34256
33460 39888 39520 34258
39888 33461 34259 39520
33461 33589 34262 34259
33589 39891 39533 34262
39891 39540 39892 39533
39540 33641 34264 39892
33641 33676 34266 34264
33676 33679 34269 34266
33679 33770 34273 34269
33770 33800 34275 34273
33800 39559 39899 34275
39559 33837 34277 39899
33837 39900 39567 34277
39900 39563 39903 39567
39563 39565 39902 39903
39565 39566 39901 39902
39566 33905 34278 39901
33905 33874 34279 34278
33874 39571 39904 34279
39571 33875 34280 39904
33875 39574 39906 34280
39574 39905 39568 39906
39905 33911 34281 39568
33911 33879 34282 34281
33879 39575 39907 34282
39575 33881 34283 39907
33881 39576 39908 34283
39576 33882 34284 39908
33882 39569 39909 34284
39569 33849 34285 39909
33849 34276 33850 34285
34276 39557 39898 33850
39557 34274 33782 39898
34274 34272 33742 33782
34272 39549 39897 33742
39549 39552 39896 39897
39552 39551 39895 39896
39551 34271 33745 39895
34271 39547 39917 33745
39547 33660 34270 39917
33660 33659 34267 34270
33659 39543 39894 34267
39543 33617 34268 39894
33617 39544 39893 34268
39544 33619 34265 39893
33619 34263 33566 34265
34263 39890 39529 33566
39890 39530 39889 39529
39530 34261 33496 39889
34261 39523 39916 33496
39523 33444 34260 39916
33444 34257 33391 34260
34257 39515 39915 33391
39515 33262 34255 39915
33262 34252 33132 34255
34252 39497 39887 33132
39497 34251 33051 39887
34251 34249 33050 33051
34249 34247 32900 33050
34247 32835 34246 32900
32835 34243 32684 34246
34243 39475 39886 32684
39475 39478 39885 39886
39478 39476 39884 39885
39476 34241 32528 39884
34241 34240 32529 32528
34240 39458 39883 32529
39458 34238 32209 39883
34238 34236 32056 32209
34236 34235 31862 32056
34235 34233 31760 31862
34233 34231 31582 31760
34231 34230 31501 31582
34230 34225 31422 31501
34225 39327 39881 31422
39327 34221 31093 39881
34221 34219 30777 31093
34219 34216 30776 30777
34216 34214 30623 30776
34214 34213 30479 30623
34213 34211 30405 30479
34211 39147 39879 30405
39147 34205 30148 39879
34205 34199 29938 30148
34199 34187 29609 29938
34187 34180 29605 29609
34180 34177 29514 29605
34177 34172 29391 29514
34172 34170 29195 29391
34170 34167 29072 29195
34167 34161 28949 29072
34161 34166 29020 28949
34166 34160 29068 29020
34160 34159 29016 29068
34159 34158 28873 29016
34158 34157 29063 28873
34157 34151 29124 29063
34151 34156 28934 29124
34156 34155 29008 28934
34155 34144 28927 29008
34144 34150 28926 28927
34150 39863 38591 28926
39863 34140 28813 38591
34140 34139 28862 28813
34139 34137 33962 28862
34137 34286 33963 33962
34286 33965 34294 33963
33965 39910 39592 34294
39910 33964 34291 39592
33964 28996 34153 34291
28996 29244 34164 34153
29244 29362 34174 34164
29362 29431 34179 34174
29431 29491 34183 34179
29491 29562 34186 34183
29562 29650 34190 34186
29650 34193 29751 34190
34290 40711 41474 29752
40711 39876 39720 41474
40712 34290 34194 40905
34193 40712 40905 29751
39876 39584 39875 39720
39584 34289 29648 39875
34289 39877 39842 29648
39877 34288 29649 39842
34288 29490 34298 29649
29490 39872 39714 34298
39872 29426 34297 39714
29426 29360 34296 34297
29360 29105 34295 34296
29105 34146 28916 34295
34146 39914 39581 28916
39914 33955 34287 39581
33955 34293 28751 34287
34293 34131 28706 28751
34131 34128 28654 28706
34128 34120 28556 28654
34120 34117 28472 28556
34117 34113 28390 28472
34113 34110 28299 28390
34110 34101 28170 28299
34101 34099 28131 28170
34099 28135 34098 28131
28135 28133 34097 34098
28133 28128 34096 34097
28128 28132 34094 34096
28132 28177 34095 34094
28177 34104 28182 34095
34104 28189 34103 28182
28189 28185 34102 34103
28185 38138 39847 34102
38138 38140 39846 39847
38140 38141 39845 39846
38141 28188 34105 39845
28188 38142 39848 34105
38142 28194 34107 39848
28194 28251 34106 34107
28251 28253 34108 34106
28253 28306 34111 34108
28306 28355 34114 34111
28355 38302 39850 34114
38302 28440 34115 39850
28440 38321 39856 34115
38321 38344 39855 39856
38344 38346 39854 39855
38346 38385 39853 39854
38385 38378 39852 39853
40842 34122 34119 41324
38378 40842 41324 39852
34194 40905 40712 34290
40905 29751 34193 40712
29751 34190 29650 34193
34190 34186 29562 29650
34186 34183 29491 29562
34183 34179 29431 29491
34179 34174 29362 29431
34174 34164 29244 29362
34164 34153 28996 29244
34153 34291 33964 28996
34291 39592 39910 33964
39592 34294 33965 39910
34294 33963 34286 33965
33963 33962 34137 34286
33962 28862 34139 34137
28862 28813 34140 34139
28813 38591 39863 34140
38591 28926 34150 39863
28926 28927 34144 34150
28927 29008 34155 34144
29008 28934 34156 34155
28934 29124 34151 34156
29124 29063 34157 34151
29063 28873 34158 34157
28873 29016 34159 34158
29016 29068 34160 34159
29068 29020 34166 34160
29020 28949 34161 34166
28949 29072 34167 34161
29072 29195 34170 34167
29195 29391 34172 34170
29391 29514 34177 34172
29514 29605 34180 34177
29605 29609 34187 34180
29609 29938 34199 34187
29938 30148 34205 34199
30148 39879 39147 34205
39879 30405 34211 39147
30405 30479 34213 34211
30479 30623 34214 34213
30623 30776 34216 34214
31001 30846 36340 36436
30776 30777 34219 34216
31166 31001 36436 36518
30777 31093 34221 34219
36554 31166 36518 31167
31093 39881 39327 34221
39881 31422 34225 39327
36700 36554 31167 31575
31422 31501 34230 34225
31501 31582 34231 34230
31582 31760 34233 34231
31760 31862 34235 34233
31862 32056 34236 34235
32056 32209 34238 34236
32209 39883 39458 34238
39883 32529 34240 39458
32529 32528 34241 34240
32528 39884 39476 34241
39884 39885 39478 39476
39885 39886 39475 39478
39886 32684 34243 39475
32684 34246 32835 34243
34246 32900 34247 32835
32900 33050 34249 34247
33050 33051 34251 34249
33051 39887 39497 34251
39887 33132 34252 39497
33132 34255 33262 34252
34255 39915 39515 33262
39915 33391 34257 39515
33391 34260 33444 34257
34260 39916 39523 33444
39916 33496 34261 39523
33496 39889 39530 34261
39889 39529 39890 39530
39529 33566 34263 39890
33566 34265 33619 34263
34265 39893 39544 33619
39893 34268 33617 39544
34268 39894 39543 33617
39894 34267 33659 39543
34267 34270 33660 33659
34270 39917 39547 33660
39917 33745 34271 39547
33745 39895 39551 34271
39895 39896 39552 39551
39896 39897 39549 39552
39897 33742 34272 39549
33742 33782 34274 34272
33782 39898 39557 34274
39898 33850 34276 39557
33850 34285 33849 34276
34285 39909 39569 33849
39909 34284 33882 39569
34284 39908 39576 33882
39908 34283 33881 39576
34283 39907 39575 33881
39907 34282 33879 39575
34282 34281 33911 33879
34281 39568 39905 33911
39568 39906 39574 39905
39906 34280 33875 39574
34280 39904 39571 33875
39904 34279 33874 39571
34279 34278 33905 33874
34278 39901 39566 33905
39901 39902 39565 39566
39902 39903 39563 39565
39903 39567 39900 39563
39567 34277 33837 39900
34277 39899 39559 33837
39899 34275 33800 39559
34275 34273 33770 33800
34273 34269 33679 33770
34269 34266 33676 33679
34266 34264 33641 33676
34264 39892 39540 33641
39892 39533 39891 39540
39533 34262 33589 39891
34262 34259 33461 33589
34259 39520 39888 33461
39520 34258 33460 39888
34258 34256 33293 33460
34256 34254 33224 33293
34254 34253 33158 33224
34253 34250 33156 33158
34250 34248 32927 33156
34248 34245 32853 32927
34245 34244 32714 32853
34244 34242 32558 32714
34242 34239 32364 32558
34239 34237 32238 32364
34237 39424 39882 32238
39424 34234 31796 39882
34234 34232 31609 31796
34232 34228 31456 31609
34228 34229 31453 31456
34229 34227 31375 31453
34227 34226 31291 31375
34226 34223 31206 31291
34223 31051 34224 31206
31051 30971 34222 34224
30971 39595 39880 34222
39595 30743 34220 39880
30743 30669 34218 34220
30669 30521 34215 34218
30521 34212 30517 34215
34212 34210 30308 30517
34210 34208 30176 30308
34208 34206 30109 30176
34206 34202 30115 30109
34202 34195 29971 30115
34195 34196 29828 29971
34196 34191 29838 29828
34191 34188 29743 29838
34188 34181 29556 29743
34181 34178 29421 29556
34178 34173 29351 29421
34173 34171 29235 29351
34171 34168 29163 29235
34168 34163 29045 29163
34163 34152 28992 29045
34152 34147 28920 28992
34147 39866 38618 28920
39866 34148 28994 38618
34148 34149 28921 28994
34149 34141 28922 28921
34141 34142 28923 28922
34142 38556 39864 28923
38556 34138 28818 39864
34138 34134 28711 28818
34134 34132 28661 28711
34132 34129 28611 28661
34129 34124 28562 28611
34124 34125 28564 28562
34125 34121 37874 28564
34121 39912 39721 28517
41325 34119 34299 41797
39912 41325 41797 39721
34119 41324 40842 34122
41324 39852 38378 40842
39852 39853 38385 38378
39853 39854 38346 38385
39854 39855 38344 38346
39855 39856 38321 38344
39856 34115 28440 38321
34115 39850 38302 28440
39850 34114 28355 38302
34114 34111 28306 28355
34111 34108 28253 28306
34108 34106 28251 28253
34106 34107 28194 28251
34107 39848 38142 28194
39848 34105 28188 38142
34105 39845 38141 28188
39845 39846 38140 38141
39846 39847 38138 38140
39847 34102 28185 38138
34102 34103 28189 28185
34103 28182 34104 28189
28182 34095 28177 34104
34095 34094 28132 28177
34094 34096 28128 28132
34096 34097 28133 28128
34097 34098 28135 28133
34098 28131 34099 28135
28131 28170 34101 34099
28170 28299 34110 34101
28299 28390 34113 34110
28390 28472 34117 34113
28472 28556 34120 34117
28556 28654 34128 34120
28654 28706 34131 34128
28706 28751 34293 34131
28751 34287 33955 34293
34287 39581 39914 33955
39581 28916 34146 39914
28916 34295 29105 34146
34295 34296 29360 29105
34296 34297 29426 29360
34297 39714 39872 29426
39714 34298 29490 39872
34298 29649 34288 29490
29649 39842 39877 34288
39842 29648 34289 39877
29648 39875 39584 34289
39875 39720 39876 39584
29752 41473 39918 34194
41473 39878 28025 39918
41474 29752 34290 40711
39720 41474 40711 39876
39878 34023 19202 28025
34023 39805 39911 19202
39805 29843 19225 39911
29843 29750 19201 19225
29750 34189 18879 19201
34189 39874 28014 18879
39874 34184 18845 28014
34184 29486 19200 18845
29486 39871 27983 19200
39871 29357 19199 27983
29357 39870 27965 19199
39870 29240 19197 27965
29240 39868 27950 19197
39868 29162 19194 27950
29162 39867 27936 19194
39867 34145 18578 27936
34145 39860 27923 18578
39860 39861 27922 27923
39861 39862 27921 27922
39862 34135 18437 27921
34135 39859 27877 18437
39859 34127 18315 27877
34127 39858 27862 18315
39858 34118 18275 27862
34118 39851 27850 18275
39851 34116 18066 27850
34116 34112 18067 18066
34112 34109 17963 18067
34109 34100 17861 17963
34100 34093 17810 17861
34093 34092 26013 17810
34092 28095 19174 25993
28095 28094 19172 19174
28094 28097 19171 19172
28097 28093 19170 19171
28093 39844 27827 19170
39844 28098 19173 27827
28098 28103 19175 19173
28103 28282 19176 19175
28282 39849 27838 19176
39849 28335 19177 27838
28335 28379 19178 19177
28379 28421 19179 19178
28421 28499 19180 19179
28499 28548 19181 19180
28548 34123 18233 19181
34123 28646 19182 18233
28646 28647 19183 19182
28647 28693 19184 19183
28693 28741 19186 19184
28741 28798 19188 19186
28798 28909 19189 19188
28909 28979 19191 19189
28979 34162 18572 19191
34162 29035 19192 18572
29035 29218 19193 19192
29218 29287 19195 19193
29287 29343 19196 19195
29343 39869 27972 19196
39869 29539 19198 27972
29539 39873 28090 19198
39873 34200 18899 28090
34200 34201 18968 18899
34201 29895 19203 18968
29895 30033 19204 19203
30033 30170 19206 19204
30170 30169 19205 19206
30169 30293 19207 19205
30293 30415 19211 19207
30415 30498 19218 19211
30498 30636 19216 19218
30636 30639 19217 19216
30639 30640 19222 19217
30640 30642 19223 19222
30642 30643 19224 19223
30643 30723 19220 19224
30723 34217 19143 19220
34217 30645 19219 19143
30645 30420 19212 19219
30420 30569 19213 19212
30569 30504 19221 19213
30504 30424 19214 19221
30424 30425 19215 19214
30425 30426 19209 19215
30426 30298 19210 19209
30298 30299 19208 19210
30299 34209 19086 19208
34209 34207 19065 19086
34207 34204 19035 19065
34204 34203 19011 19035
34203 34197 18938 19011
34197 34198 18940 18938
34198 34192 18904 18940
34192 34185 18906 18904
34185 34182 18808 18906
34182 34176 18780 18808
34176 34175 18714 18780
34175 34169 18677 18714
34169 34165 18580 18677
34165 34154 18538 18580
34154 34143 18501 18538
34143 28759 19190 18501
28759 28714 19187 19190
28714 28664 19185 19187
28664 39810 39857 19185
39810 34126 18235 39857
34126 34292 19144 18235
34292 40265 39984 19144
40265 34299 34122 39984
34299 41797 41325 34119
41797 39721 39912 41325
